depth	MnO2	FeOOH	POC	FeS	FeS2	CaCO3	Age	BSi	NdnrPO4	NdrPO4	SurfMn_Ndnr	SurfMn_Ndr	SurfFe_Ndnr	SurfFe_Ndr	Illite	Basalt	O2	NO3	TMn	TFe	CH4	NO2	Ca	Al	TNH4	SO4	TNdnr	TNdr	TH4SiO4	TCO2	TH2S	TH3BO3	TH3PO4	H
0.004293226	0.013500903	0.05965355	3.816885346	3.0975E-56	1.70613E-05	0.17751424	0.021026661	2.601703794	9.05758E-05	4.64235E-05	3.83255E-06	1.96424E-06	1.10376E-05	5.65711E-06	0.194154665	0.128788197	7.89414E-05	3.98311E-05	4.39772E-08	7.96867E-08	1.44844E-16	6.218E-08	0.010332964	6.85634E-09	4.79852E-09	0.027999213	2.52966E-11	1.2965E-11	0.000195705	0.002385673	1.46724E-07	8.70651E-05	2.82248E-06	1.98641E-08
0.012988362	0.013494233	0.059656209	3.816612874	3.09889E-56	1.70628E-05	0.177303486	0.063557812	2.601204089	9.05838E-05	4.64276E-05	3.8238E-06	1.95976E-06	1.1038E-05	5.6573E-06	0.194160066	0.128747909	7.86537E-05	3.97851E-05	7.11066E-08	7.56021E-08	1.68934E-16	6.54991E-08	0.010333774	8.45662E-09	1.43992E-08	0.02799902	2.95939E-11	1.51676E-11	0.000197251	0.002387212	1.86672E-07	8.7066E-05	2.82859E-06	1.98407E-08
0.021903616	0.0134874	0.059658931	3.816334047	3.10153E-56	1.70643E-05	0.177088885	0.107090734	2.600693934	9.05919E-05	4.64317E-05	3.81484E-06	1.95516E-06	1.10384E-05	5.6575E-06	0.194165599	0.128706698	7.83592E-05	3.9738E-05	9.88732E-08	7.16581E-08	1.84148E-16	6.89063E-08	0.010334598	9.97166E-09	2.41268E-08	0.027998822	3.39295E-11	1.73898E-11	0.000198829	0.002388782	2.27656E-07	8.70669E-05	2.83484E-06	1.98175E-08
0.03104456	0.0134804	0.05966172	3.81604873	3.10558E-56	1.70659E-05	0.176870383	0.151647112	2.600173169	9.06003E-05	4.6436E-05	3.80565E-06	1.95046E-06	1.10388E-05	5.6577E-06	0.194171268	0.128664542	7.80576E-05	3.96896E-05	1.27306E-07	6.7856E-08	1.9395E-16	7.24037E-08	0.010335435	1.14017E-08	3.39811E-08	0.027998619	3.83028E-11	1.96313E-11	0.00020044	0.002390385	2.69703E-07	8.70678E-05	2.84125E-06	1.97944E-08
0.040416909	0.01347323	0.059664575	3.815756787	3.11119E-56	1.70675E-05	0.176647926	0.197249006	2.599641632	9.06088E-05	4.64404E-05	3.79624E-06	1.94563E-06	1.10392E-05	5.6579E-06	0.194177074	0.128621417	7.77488E-05	3.96399E-05	1.56436E-07	6.41967E-08	2.00507E-16	7.59934E-08	0.010336286	1.27464E-08	4.39617E-08	0.027998411	4.27128E-11	2.18917E-11	0.000202084	0.002392021	3.12843E-07	8.70686E-05	2.84781E-06	1.97714E-08
0.05002652	0.013465884	0.059667499	3.815458078	3.11853E-56	1.70692E-05	0.17642146	0.243918846	2.59909916	9.06176E-05	4.64449E-05	3.7866E-06	1.9407E-06	1.10396E-05	5.65811E-06	0.194183022	0.128577301	7.74327E-05	3.9589E-05	1.86297E-07	6.06809E-08	2.05156E-16	7.96773E-08	0.010337151	1.40051E-08	5.40686E-08	0.027998197	4.71588E-11	2.41705E-11	0.000203761	0.00239369	3.57106E-07	8.70695E-05	2.85453E-06	1.97486E-08
0.0598794	0.01345836	0.059670493	3.815152463	3.1278E-56	1.70708E-05	0.17619093	0.291679439	2.598545594	9.06266E-05	4.64495E-05	3.77673E-06	1.93563E-06	1.104E-05	5.65832E-06	0.194189115	0.128532172	7.7109E-05	3.95367E-05	2.16925E-07	5.7309E-08	2.0871E-16	8.34577E-08	0.01033803	1.51771E-08	6.43014E-08	0.027997978	5.16399E-11	2.64673E-11	0.000205473	0.002395394	4.02524E-07	8.70704E-05	2.8614E-06	1.97259E-08
0.069981706	0.013450652	0.059673559	3.814839798	3.13921E-56	1.70726E-05	0.175956281	0.340553968	2.597980774	9.06359E-05	4.64543E-05	3.76662E-06	1.93045E-06	1.10404E-05	5.65854E-06	0.194195354	0.128486005	7.67777E-05	3.9483E-05	2.48359E-07	5.40811E-08	2.11661E-16	8.73366E-08	0.010338923	1.6262E-08	7.46599E-08	0.027997753	5.61551E-11	2.87815E-11	0.00020722	0.002397132	4.49129E-07	8.70712E-05	2.86844E-06	1.97034E-08
0.080339753	0.013442757	0.059676699	3.814519939	3.15298E-56	1.70743E-05	0.175717459	0.390565988	2.597404543	9.06454E-05	4.64591E-05	3.75626E-06	1.92514E-06	1.10408E-05	5.65877E-06	0.194201745	0.128438778	7.64386E-05	3.94279E-05	2.80639E-07	5.09971E-08	2.14302E-16	9.13161E-08	0.010339831	1.72598E-08	8.51437E-08	0.027997522	6.07034E-11	3.11128E-11	0.000209001	0.002398907	4.96955E-07	8.70721E-05	2.87565E-06	1.96811E-08
0.090960016	0.013434668	0.059679915	3.814192738	3.16938E-56	1.70762E-05	0.175474409	0.441739434	2.596816742	9.06551E-05	4.64641E-05	3.74564E-06	1.9197E-06	1.10413E-05	5.65899E-06	0.194208288	0.128390468	7.60915E-05	3.93714E-05	3.1381E-07	4.80565E-08	2.16805E-16	9.53985E-08	0.010340753	1.81708E-08	9.57526E-08	0.027997284	6.52837E-11	3.34604E-11	0.000210818	0.002400718	5.46036E-07	8.70729E-05	2.88303E-06	1.9659E-08
0.101849132	0.013426383	0.059683207	3.813858046	3.18868E-56	1.7078E-05	0.175227077	0.494098612	2.596217218	9.06651E-05	4.64692E-05	3.73477E-06	1.91413E-06	1.10417E-05	5.65923E-06	0.194214989	0.12834105	7.57362E-05	3.93134E-05	3.4792E-07	4.52586E-08	2.19272E-16	9.9586E-08	0.01034169	1.89957E-08	1.06486E-07	0.027997041	6.9895E-11	3.58239E-11	0.000212672	0.002402566	5.96408E-07	8.70737E-05	2.89058E-06	1.96371E-08
0.113013907	0.013417895	0.059686579	3.813515711	3.2112E-56	1.70799E-05	0.174975406	0.547668201	2.595605818	9.06753E-05	4.64745E-05	3.72364E-06	1.90842E-06	1.10422E-05	5.65947E-06	0.194221848	0.128290501	7.53725E-05	3.92538E-05	3.8302E-07	4.26024E-08	2.21762E-16	1.03881E-07	0.010342642	1.9736E-08	1.17344E-07	0.027996791	7.45361E-11	3.82027E-11	0.000214562	0.002404452	6.48109E-07	8.70745E-05	2.89831E-06	1.96155E-08
0.12446132	0.013409201	0.059690032	3.813165581	3.23727E-56	1.70819E-05	0.174719344	0.602473255	2.59498239	9.06858E-05	4.64798E-05	3.71223E-06	1.90258E-06	1.10427E-05	5.65971E-06	0.194228871	0.128238796	7.50004E-05	3.91927E-05	4.19165E-07	4.00866E-08	2.24311E-16	1.08285E-07	0.010343609	2.03935E-08	1.28327E-07	0.027996535	7.92059E-11	4.05962E-11	0.00021649	0.002406376	7.01176E-07	8.70753E-05	2.90623E-06	1.95941E-08
0.136198525	0.013400295	0.059693567	3.812807498	3.26727E-56	1.70838E-05	0.174458835	0.658539195	2.594346785	9.06965E-05	4.64854E-05	3.70055E-06	1.89659E-06	1.10432E-05	5.65996E-06	0.194236059	0.128185912	7.46195E-05	3.91299E-05	4.56414E-07	3.77098E-08	2.26941E-16	1.12802E-07	0.010344591	2.09706E-08	1.39433E-07	0.027996272	8.39032E-11	4.30038E-11	0.000218455	0.00240834	7.55649E-07	8.70761E-05	2.91434E-06	1.9573E-08
0.148232859	0.013391171	0.059697187	3.812441306	3.30163E-56	1.70859E-05	0.174193826	0.715891809	2.593698859	9.07076E-05	4.6491E-05	3.68859E-06	1.89046E-06	1.10437E-05	5.66021E-06	0.194243416	0.128131823	7.42297E-05	3.90655E-05	4.9483E-07	3.54701E-08	2.29666E-16	1.17432E-07	0.010345588	2.14701E-08	1.50664E-07	0.027996002	8.86269E-11	4.5425E-11	0.000220458	0.002410345	8.1157E-07	8.70769E-05	2.92264E-06	1.95521E-08
0.160571844	0.013381825	0.059700895	3.812066846	3.3408E-56	1.7088E-05	0.173924263	0.77455725	2.593038468	9.07189E-05	4.64968E-05	3.67633E-06	1.88418E-06	1.10442E-05	5.66047E-06	0.194250945	0.128076504	7.38309E-05	3.89993E-05	5.34482E-07	3.33656E-08	2.32498E-16	1.2218E-07	0.010346601	2.18953E-08	1.62018E-07	0.027995724	9.33758E-11	4.7859E-11	0.0002225	0.00241239	8.68981E-07	8.70777E-05	2.93114E-06	1.95315E-08
0.173223192	0.01337225	0.059704691	3.811683956	3.38531E-56	1.70901E-05	0.173650092	0.83456203	2.592365474	9.07305E-05	4.65028E-05	3.66378E-06	1.87775E-06	1.10447E-05	5.66073E-06	0.194258648	0.128019929	7.34228E-05	3.89313E-05	5.75444E-07	3.13942E-08	2.35443E-16	1.27046E-07	0.01034763	2.22499E-08	1.73496E-07	0.02799544	9.81487E-11	5.03053E-11	0.000224582	0.002414478	9.27927E-07	8.70784E-05	2.93984E-06	1.95113E-08
0.18619481	0.013362443	0.059708578	3.811292473	3.43572E-56	1.70923E-05	0.17337126	0.895933015	2.591679741	9.07424E-05	4.65089E-05	3.65093E-06	1.87116E-06	1.10452E-05	5.661E-06	0.194266529	0.127962074	7.30052E-05	3.88616E-05	6.17794E-07	2.95534E-08	2.3851E-16	1.32035E-07	0.010348675	2.25379E-08	1.85098E-07	0.027995148	1.02944E-10	5.27633E-11	0.000226703	0.002416608	9.88453E-07	8.70792E-05	2.94875E-06	1.94913E-08
0.199494806	0.013352395	0.059712558	3.810892231	3.49267E-56	1.70946E-05	0.173087716	0.958697422	2.590981138	9.07546E-05	4.65151E-05	3.63777E-06	1.86442E-06	1.10457E-05	5.66127E-06	0.194274591	0.127902912	7.25781E-05	3.87899E-05	6.61618E-07	2.78406E-08	2.41707E-16	1.37147E-07	0.010349737	2.27634E-08	1.96824E-07	0.027994847	1.07762E-10	5.52324E-11	0.000228864	0.002418782	1.05061E-06	8.70799E-05	2.95788E-06	1.94717E-08
0.213131493	0.013342103	0.059716633	3.810483064	3.55688E-56	1.70969E-05	0.172799407	1.022882811	2.590269538	9.07671E-05	4.65215E-05	3.62429E-06	1.85751E-06	1.10463E-05	5.66155E-06	0.194282838	0.127842416	7.21411E-05	3.87163E-05	7.07007E-07	2.62531E-08	2.4504E-16	1.42387E-07	0.010350814	2.2931E-08	2.08675E-07	0.027994539	1.12599E-10	5.77119E-11	0.000231066	0.002421001	1.11444E-06	8.70806E-05	2.96722E-06	1.94524E-08
0.227113395	0.013331559	0.059720806	3.810064803	3.62915E-56	1.70992E-05	0.172506284	1.088517081	2.589544819	9.07799E-05	4.65281E-05	3.61049E-06	1.85043E-06	1.10468E-05	5.66183E-06	0.194291271	0.127780561	7.1694E-05	3.86406E-05	7.5406E-07	2.47881E-08	2.48518E-16	1.47756E-07	0.010351908	2.3045E-08	2.20651E-07	0.027994223	1.17456E-10	6.02013E-11	0.000233309	0.002423265	1.18E-06	8.70813E-05	2.97678E-06	1.94335E-08
0.24144925	0.013320757	0.059725079	3.809637279	3.71038E-56	1.71016E-05	0.172208296	1.155628457	2.588806865	9.07931E-05	4.65349E-05	3.59636E-06	1.84319E-06	1.10474E-05	5.66211E-06	0.194299894	0.127717319	7.12368E-05	3.85629E-05	8.02884E-07	2.34425E-08	2.52148E-16	1.53257E-07	0.010353019	2.311E-08	2.32752E-07	0.027993898	1.22331E-10	6.26999E-11	0.000235593	0.002425576	1.24734E-06	8.7082E-05	2.98657E-06	1.9415E-08
0.256148019	0.013309692	0.059729454	3.809200319	3.80158E-56	1.71041E-05	0.171905394	1.224245487	2.588055563	9.08066E-05	4.65418E-05	3.58189E-06	1.83578E-06	1.10479E-05	5.66241E-06	0.194308711	0.127652664	7.07691E-05	3.84831E-05	8.53595E-07	2.22132E-08	2.5594E-16	1.58893E-07	0.010354147	2.31305E-08	2.4498E-07	0.027993564	1.27223E-10	6.52073E-11	0.00023792	0.002427934	1.31652E-06	8.70827E-05	2.9966E-06	1.93969E-08
0.271218889	0.013298356	0.059733934	3.80875375	3.90388E-56	1.71066E-05	0.171597531	1.294397031	2.587290809	9.08204E-05	4.65489E-05	3.56707E-06	1.82818E-06	1.10485E-05	5.6627E-06	0.194317725	0.127586568	7.02908E-05	3.84011E-05	9.06316E-07	2.10971E-08	2.59903E-16	1.64668E-07	0.010355292	2.31109E-08	2.57335E-07	0.027993221	1.32131E-10	6.77228E-11	0.000240288	0.002430341	1.3876E-06	8.70833E-05	3.00687E-06	1.93791E-08
0.28667128	0.013286743	0.05973852	3.808297398	4.01857E-56	1.71092E-05	0.171284661	1.366112248	2.586512504	9.08346E-05	4.65561E-05	3.5519E-06	1.82041E-06	1.10491E-05	5.663E-06	0.194326938	0.127519004	6.98016E-05	3.83168E-05	9.61184E-07	2.00908E-08	2.64046E-16	1.70584E-07	0.010356454	2.30555E-08	2.69819E-07	0.027992869	1.37053E-10	7.02458E-11	0.0002427	0.002432797	1.46063E-06	8.70839E-05	3.01739E-06	1.93618E-08
0.30251485	0.013274845	0.059743216	3.807831087	4.14712E-56	1.71119E-05	0.170966739	1.439420587	2.585720556	9.08492E-05	4.65636E-05	3.53637E-06	1.81245E-06	1.10497E-05	5.6633E-06	0.194336355	0.127449944	6.93014E-05	3.82301E-05	1.01834E-06	1.9191E-08	2.68382E-16	1.76644E-07	0.010357634	2.29683E-08	2.82434E-07	0.027992507	1.4199E-10	7.2776E-11	0.000245155	0.002435303	1.53568E-06	8.70845E-05	3.02816E-06	1.93449E-08
0.318759502	0.013262656	0.059748024	3.807354639	4.29118E-56	1.71146E-05	0.170643721	1.514351774	2.584914882	9.08641E-05	4.65712E-05	3.52047E-06	1.8043E-06	1.10503E-05	5.66361E-06	0.194345978	0.127379359	6.879E-05	3.81411E-05	1.07795E-06	1.83946E-08	2.72921E-16	1.82852E-07	0.010358832	2.28531E-08	2.95181E-07	0.027992135	1.46939E-10	7.53128E-11	0.000247653	0.002437862	1.61281E-06	8.70851E-05	3.03918E-06	1.93285E-08
0.335415389	0.013250168	0.059752946	3.806867877	4.45266E-56	1.71174E-05	0.170315567	1.5909358	2.584095405	9.08794E-05	4.65791E-05	3.5042E-06	1.79596E-06	1.10509E-05	5.66392E-06	0.194355811	0.127307223	6.82671E-05	3.80495E-05	1.14018E-06	1.76981E-08	2.77676E-16	1.8921E-07	0.010360048	2.27136E-08	3.08063E-07	0.027991753	1.51901E-10	7.78557E-11	0.000250196	0.002440473	1.69209E-06	8.70857E-05	3.05048E-06	1.93126E-08
0.352492922	0.013237373	0.059757986	3.806370621	4.63373E-56	1.71202E-05	0.169982238	1.669202901	2.583262057	9.0895E-05	4.65871E-05	3.48754E-06	1.78742E-06	1.10515E-05	5.66424E-06	0.194365857	0.127233507	6.77326E-05	3.79554E-05	1.20522E-06	1.70983E-08	2.8266E-16	1.95723E-07	0.010361281	2.25531E-08	3.21082E-07	0.02799136	1.56873E-10	8.04043E-11	0.000252782	0.002443137	1.7736E-06	8.70862E-05	3.06205E-06	1.92971E-08
0.370002775	0.013224264	0.059763145	3.805862691	4.83687E-56	1.71232E-05	0.169643694	1.749183547	2.582414778	9.09111E-05	4.65953E-05	3.47048E-06	1.77868E-06	1.10521E-05	5.66456E-06	0.194376119	0.127158181	6.71862E-05	3.78585E-05	1.27326E-06	1.6592E-08	2.87889E-16	2.02394E-07	0.010362534	2.23746E-08	3.34241E-07	0.027990957	1.61856E-10	8.29583E-11	0.000255413	0.002445857	1.85741E-06	8.70867E-05	3.07389E-06	1.92822E-08
0.387955892	0.013210833	0.059768428	3.805343906	5.06497E-56	1.71262E-05	0.169299903	1.830908424	2.58155352	9.09276E-05	4.66038E-05	3.45302E-06	1.76973E-06	1.10528E-05	5.66488E-06	0.194386602	0.127081218	6.66277E-05	3.7759E-05	1.34454E-06	1.61761E-08	2.93377E-16	2.09227E-07	0.010363804	2.2181E-08	3.47543E-07	0.027990542	1.66849E-10	8.55172E-11	0.00025809	0.002448633	1.94359E-06	8.70872E-05	3.08603E-06	1.92677E-08
0.406363494	0.013197071	0.059773835	3.804814086	5.32134E-56	1.71292E-05	0.168950832	1.914408411	2.580678242	9.09444E-05	4.66124E-05	3.43515E-06	1.76057E-06	1.10534E-05	5.66521E-06	0.194397308	0.127002589	6.60569E-05	3.76565E-05	1.41929E-06	1.58475E-08	2.99142E-16	2.16226E-07	0.010365094	2.19748E-08	3.60993E-07	0.027990115	1.7185E-10	8.80808E-11	0.000260811	0.002451467	2.03222E-06	8.70877E-05	3.09846E-06	1.92538E-08
0.425237087	0.01318297	0.059779371	3.804273048	5.60983E-56	1.71323E-05	0.168596451	1.999714564	2.579788915	9.09618E-05	4.66213E-05	3.41687E-06	1.7512E-06	1.1054E-05	5.66553E-06	0.194408241	0.126922264	6.54737E-05	3.75512E-05	1.49777E-06	1.56034E-08	3.05203E-16	2.23395E-07	0.010366402	2.17581E-08	3.74595E-07	0.027989677	1.76861E-10	9.06489E-11	0.000263578	0.002454359	2.12339E-06	8.70881E-05	3.1112E-06	1.92404E-08
0.444588467	0.01316852	0.059785038	3.80372061	5.93494E-56	1.71356E-05	0.168236734	2.086858092	2.578885521	9.09795E-05	4.66304E-05	3.39815E-06	1.74161E-06	1.10547E-05	5.66586E-06	0.194419405	0.126840216	6.48777E-05	3.74427E-05	1.58028E-06	1.5441E-08	3.11579E-16	2.3074E-07	0.01036773	2.15329E-08	3.88354E-07	0.027989226	1.8188E-10	9.32212E-11	0.000266391	0.002457311	2.2172E-06	8.70885E-05	3.12424E-06	1.92277E-08
0.46442973	0.013153713	0.05979084	3.80315659	6.3019E-56	1.71388E-05	0.167871658	2.175870333	2.577968054	9.09977E-05	4.66397E-05	3.379E-06	1.73179E-06	1.10553E-05	5.6662E-06	0.194430803	0.126756414	6.42688E-05	3.73312E-05	1.66711E-06	1.53577E-08	3.18293E-16	2.38264E-07	0.010369077	2.13011E-08	4.02275E-07	0.027988762	1.86906E-10	9.57976E-11	0.00026925	0.002460324	2.31372E-06	8.70889E-05	3.13761E-06	1.92155E-08
0.484773276	0.013138539	0.059796778	3.802580807	6.71688E-56	1.71422E-05	0.167501204	2.266782731	2.577036519	9.10163E-05	4.66492E-05	3.3594E-06	1.72175E-06	1.1056E-05	5.66653E-06	0.194442439	0.12667083	6.36467E-05	3.72163E-05	1.75863E-06	1.53512E-08	3.25367E-16	2.45972E-07	0.010370444	2.10641E-08	4.16364E-07	0.027988285	1.91941E-10	9.83781E-11	0.000272155	0.0024634	2.41306E-06	8.70893E-05	3.1513E-06	1.92039E-08
0.505631822	0.013122988	0.059802857	3.801993077	7.18712E-56	1.71456E-05	0.167125356	2.359626805	2.576090936	9.10354E-05	4.6659E-05	3.33935E-06	1.71147E-06	1.10566E-05	5.66687E-06	0.194454316	0.126583435	6.30114E-05	3.70981E-05	1.85521E-06	1.54193E-08	3.32828E-16	2.5387E-07	0.01037183	2.08231E-08	4.30629E-07	0.027987794	1.96983E-10	1.00963E-10	0.000275107	0.002466539	2.51532E-06	8.70896E-05	3.16533E-06	1.91929E-08
0.527018405	0.01310705	0.059809079	3.801393221	7.7212E-56	1.71492E-05	0.166744102	2.454434125	2.575131336	9.10549E-05	4.66691E-05	3.31884E-06	1.70096E-06	1.10573E-05	5.6672E-06	0.194466438	0.1264942	6.23624E-05	3.69763E-05	1.95726E-06	1.556E-08	3.40704E-16	2.61964E-07	0.010373237	2.05794E-08	4.45077E-07	0.02798729	2.02034E-10	1.03551E-10	0.000278105	0.002469745	2.62061E-06	8.70899E-05	3.17971E-06	1.91826E-08
0.548946392	0.013090713	0.059815448	3.800781058	8.32929E-56	1.71528E-05	0.166357436	2.551236276	2.574157766	9.1075E-05	4.66793E-05	3.29785E-06	1.6902E-06	1.1058E-05	5.66754E-06	0.194478808	0.126403096	6.16998E-05	3.6851E-05	2.06524E-06	1.57718E-08	3.49026E-16	2.7026E-07	0.010374663	2.03338E-08	4.59716E-07	0.02798677	2.07092E-10	1.06144E-10	0.00028115	0.002473016	2.72904E-06	8.70902E-05	3.19445E-06	1.91729E-08
0.571429488	0.013073967	0.059821967	3.800156407	9.02355E-56	1.71565E-05	0.165965357	2.650064828	2.573170287	9.10955E-05	4.66899E-05	3.27638E-06	1.6792E-06	1.10586E-05	5.66787E-06	0.194491431	0.126310093	6.10231E-05	3.67219E-05	2.17967E-06	1.60532E-08	3.57828E-16	2.78764E-07	0.010376111	2.00872E-08	4.74556E-07	0.027986236	2.12159E-10	1.0874E-10	0.000284242	0.002476357	2.84073E-06	8.70904E-05	3.20955E-06	1.91639E-08
0.594481746	0.013056801	0.05982864	3.799519091	9.81853E-56	1.71602E-05	0.165567866	2.750951299	2.572168976	9.11166E-05	4.67006E-05	3.25441E-06	1.66794E-06	1.10593E-05	5.66821E-06	0.194504308	0.126215163	6.03324E-05	3.65888E-05	2.3011E-06	1.64031E-08	3.67145E-16	2.87483E-07	0.010377578	1.98401E-08	4.89608E-07	0.027985685	2.17234E-10	1.11342E-10	0.00028738	0.002479767	2.95579E-06	8.70906E-05	3.22503E-06	1.91556E-08
0.618117575	0.013039201	0.059835469	3.798868932	1.07317E-55	1.71641E-05	0.165164973	2.853927118	2.571153926	9.11381E-05	4.67117E-05	3.23195E-06	1.65643E-06	1.10599E-05	5.66854E-06	0.194517445	0.126118278	5.96273E-05	3.64518E-05	2.43016E-06	1.68208E-08	3.7702E-16	2.96425E-07	0.010379067	1.95932E-08	5.04881E-07	0.027985119	2.22319E-10	1.13948E-10	0.000290566	0.002483248	3.07437E-06	8.70908E-05	3.24089E-06	1.91481E-08
0.642351748	0.013021155	0.059842458	3.798205756	1.17843E-55	1.71681E-05	0.164756693	2.959023587	2.570125246	9.11602E-05	4.6723E-05	3.20898E-06	1.64465E-06	1.10606E-05	5.66887E-06	0.194530844	0.126019408	5.89076E-05	3.63105E-05	2.56754E-06	1.73058E-08	3.87496E-16	3.05597E-07	0.010380576	1.93469E-08	5.20388E-07	0.027984536	2.27415E-10	1.1656E-10	0.000293798	0.002486802	3.1966E-06	8.7091E-05	3.25716E-06	1.91413E-08
0.667199412	0.013002649	0.059849611	3.797529389	1.3002E-55	1.71721E-05	0.164343046	3.066271832	2.569083062	9.11828E-05	4.67346E-05	3.18548E-06	1.63261E-06	1.10612E-05	5.6692E-06	0.194544509	0.125918526	5.81733E-05	3.61649E-05	2.714E-06	1.78581E-08	3.98622E-16	3.15008E-07	0.010382107	1.91016E-08	5.36143E-07	0.027983935	2.32522E-10	1.19177E-10	0.000297078	0.002490431	3.32262E-06	8.70911E-05	3.27384E-06	1.91352E-08
0.692676098	0.01298367	0.059856932	3.796839661	1.44162E-55	1.71763E-05	0.163924062	3.175702766	2.568027521	9.1206E-05	4.67465E-05	3.16146E-06	1.6203E-06	1.10618E-05	5.66953E-06	0.194558443	0.125815604	5.7424E-05	3.60148E-05	2.87041E-06	1.84779E-08	4.10453E-16	3.24666E-07	0.010383658	1.88575E-08	5.5216E-07	0.027983316	2.37641E-10	1.21801E-10	0.000300404	0.002494136	3.45259E-06	8.70911E-05	3.29094E-06	1.91299E-08
0.718797729	0.012964203	0.059864423	3.796136403	1.60654E-55	1.71805E-05	0.163499775	3.287347035	2.566958786	9.12297E-05	4.67586E-05	3.1369E-06	1.60771E-06	1.10625E-05	5.66985E-06	0.19457265	0.125710613	5.66597E-05	3.586E-05	3.03772E-06	1.91661E-08	4.23048E-16	3.34583E-07	0.010385232	1.86149E-08	5.68455E-07	0.027982679	2.42773E-10	1.24431E-10	0.000303778	0.00249792	3.58666E-06	8.70912E-05	3.30847E-06	1.91254E-08
0.745580632	0.012944231	0.05987209	3.79541945	1.79971E-55	1.71848E-05	0.163070229	3.401234968	2.565877039	9.1254E-05	4.67711E-05	3.11179E-06	1.59484E-06	1.10631E-05	5.67017E-06	0.194587133	0.125603528	5.58802E-05	3.57003E-05	3.21701E-06	1.99238E-08	4.36474E-16	3.44767E-07	0.010386826	1.8374E-08	5.85044E-07	0.027982022	2.4792E-10	1.2707E-10	0.000307198	0.002501783	3.72501E-06	8.70912E-05	3.32646E-06	1.91217E-08
0.773041548	0.012923737	0.059879935	3.794688641	2.02702E-55	1.71893E-05	0.162635474	3.517396523	2.564782486	9.12789E-05	4.67838E-05	3.08612E-06	1.58168E-06	1.10637E-05	5.67048E-06	0.194601894	0.125494319	5.50853E-05	3.55356E-05	3.40948E-06	2.07526E-08	4.50804E-16	3.55231E-07	0.010388443	1.81349E-08	6.01947E-07	0.027981346	2.53084E-10	1.29716E-10	0.000310664	0.002505727	3.86781E-06	8.70911E-05	3.34491E-06	1.91189E-08
0.80119764	0.012902704	0.059887963	3.793943817	2.29581E-55	1.71938E-05	0.162195572	3.635861232	2.56367535	9.13043E-05	4.67969E-05	3.05988E-06	1.56824E-06	1.10643E-05	5.67078E-06	0.194616938	0.125382963	5.42748E-05	3.53656E-05	3.61649E-06	2.16547E-08	4.66119E-16	3.65986E-07	0.010390081	1.78978E-08	6.19182E-07	0.027980648	2.58265E-10	1.32372E-10	0.000314177	0.002509755	4.01525E-06	8.70911E-05	3.36383E-06	1.91169E-08
0.830066507	0.012881113	0.059896177	3.793184825	2.61532E-55	1.71985E-05	0.161750592	3.756658135	2.562555876	9.13304E-05	4.68102E-05	3.03307E-06	1.5545E-06	1.10649E-05	5.67107E-06	0.194632268	0.125269431	5.34487E-05	3.51902E-05	3.83956E-06	2.26327E-08	4.82512E-16	3.77045E-07	0.010391742	1.76628E-08	6.36772E-07	0.027979929	2.63466E-10	1.35037E-10	0.000317736	0.002513868	4.16754E-06	8.70909E-05	3.38325E-06	1.91159E-08
0.859666192	0.012858942	0.059904582	3.792411515	2.99716E-55	1.72032E-05	0.161300614	3.879815721	2.561424333	9.13571E-05	4.68239E-05	3.00567E-06	1.54045E-06	1.10654E-05	5.67136E-06	0.194647885	0.1251537	5.26068E-05	3.50091E-05	4.08041E-06	2.36898E-08	5.00084E-16	3.88422E-07	0.010393424	1.74299E-08	6.5474E-07	0.027979188	2.68688E-10	1.37714E-10	0.00032134	0.002518069	4.32488E-06	8.70908E-05	3.40317E-06	1.91157E-08
0.890015198	0.01283617	0.059913182	3.791623744	3.45611E-55	1.72081E-05	0.160845729	4.005361855	2.560281013	9.13844E-05	4.68379E-05	2.97768E-06	1.52611E-06	1.1066E-05	5.67164E-06	0.194663794	0.125035745	5.17491E-05	3.48221E-05	4.341E-06	2.48299E-08	5.18949E-16	4.00131E-07	0.010395128	1.71992E-08	6.7311E-07	0.027978423	2.73934E-10	1.40403E-10	0.00032499	0.002522359	4.4875E-06	8.70906E-05	3.42362E-06	1.91164E-08
0.921132492	0.012812773	0.059921981	3.790821372	4.01107E-55	1.72131E-05	0.160386038	4.133323709	2.559126228	9.14124E-05	4.68522E-05	2.94908E-06	1.51145E-06	1.10665E-05	5.6719E-06	0.194679996	0.124915542	5.08753E-05	3.46289E-05	4.62353E-06	2.60575E-08	5.39234E-16	4.1219E-07	0.010396854	1.69708E-08	6.9191E-07	0.027977634	2.79206E-10	1.43105E-10	0.000328686	0.00252674	4.65564E-06	8.70903E-05	3.4446E-06	1.91181E-08
0.953037524	0.012788725	0.059930983	3.790004267	4.68633E-55	1.72182E-05	0.159921654	4.263727684	2.557960318	9.1441E-05	4.68669E-05	2.91987E-06	1.49648E-06	1.1067E-05	5.67215E-06	0.194696495	0.124793067	4.99855E-05	3.44294E-05	4.93051E-06	2.73778E-08	5.61083E-16	4.24614E-07	0.010398602	1.67448E-08	7.11166E-07	0.02797682	2.84505E-10	1.45821E-10	0.000332425	0.002531214	4.82954E-06	8.70901E-05	3.46615E-06	1.91208E-08
0.985750236	0.012763998	0.059940193	3.789172304	5.5134E-55	1.72234E-05	0.159452705	4.396599328	2.556783645	9.14702E-05	4.68819E-05	2.89003E-06	1.48119E-06	1.10674E-05	5.67239E-06	0.194713292	0.124668299	4.90796E-05	3.42232E-05	5.26479E-06	2.87968E-08	5.84659E-16	4.37422E-07	0.010400373	1.65211E-08	7.30912E-07	0.027975979	2.89834E-10	1.48552E-10	0.000336209	0.002535784	5.00948E-06	8.70897E-05	3.48826E-06	1.91244E-08
1.019291074	0.01273856	0.059949615	3.788325362	6.53342E-55	1.72287E-05	0.158979331	4.531963255	2.555596598	9.15002E-05	4.68973E-05	2.85957E-06	1.46558E-06	1.10679E-05	5.67261E-06	0.194730391	0.124541217	4.81576E-05	3.40102E-05	5.62964E-06	3.03215E-08	6.10146E-16	4.50633E-07	0.010402165	1.62998E-08	7.51178E-07	0.027975112	2.95196E-10	1.513E-10	0.000340037	0.002540451	5.19573E-06	8.70894E-05	3.51097E-06	1.91291E-08
1.053681002	0.012712377	0.059959254	3.78746333	7.80049E-55	1.72342E-05	0.158501685	4.66984305	2.554399591	9.15308E-05	4.6913E-05	2.82847E-06	1.44964E-06	1.10683E-05	5.67282E-06	0.194747794	0.1244118	4.72194E-05	3.37899E-05	6.02878E-06	3.19595E-08	6.3775E-16	4.64269E-07	0.010403979	1.6081E-08	7.72E-07	0.027974216	3.00592E-10	1.54066E-10	0.000343907	0.002545218	5.3886E-06	8.70889E-05	3.5343E-06	1.91348E-08
1.088941516	0.012685414	0.059969115	3.786586106	9.38639E-55	1.72398E-05	0.158019938	4.810261175	2.553193065	9.15621E-05	4.6929E-05	2.79673E-06	1.43337E-06	1.10686E-05	5.673E-06	0.194765501	0.124280029	4.6265E-05	3.35622E-05	6.46645E-06	3.37199E-08	6.67709E-16	4.78351E-07	0.010405815	1.58646E-08	7.93415E-07	0.027973291	3.06025E-10	1.5685E-10	0.00034782	0.002550088	5.58841E-06	8.70885E-05	3.55825E-06	1.91415E-08
1.125094654	0.012657627	0.059979201	3.785693595	1.1387E-54	1.72455E-05	0.157534273	4.95323887	2.551977488	9.15942E-05	4.69454E-05	2.76433E-06	1.41676E-06	1.10689E-05	5.67317E-06	0.194783516	0.124145887	4.52946E-05	3.33266E-05	6.94754E-06	3.56127E-08	7.00293E-16	4.92904E-07	0.010407672	1.56507E-08	8.15463E-07	0.027972336	3.11497E-10	1.59655E-10	0.000351775	0.002555061	5.79549E-06	8.7088E-05	3.58287E-06	1.91493E-08
1.162163013	0.012628972	0.059989519	3.784785713	1.39318E-54	1.72513E-05	0.157044895	5.098796044	2.550753353	9.16269E-05	4.69622E-05	2.73127E-06	1.39982E-06	1.10692E-05	5.67331E-06	0.19480184	0.124009357	4.43081E-05	3.3083E-05	7.47766E-06	3.76494E-08	7.3581E-16	5.07953E-07	0.01040955	1.54394E-08	8.38187E-07	0.027971349	3.17011E-10	1.62481E-10	0.000355771	0.002560141	6.01022E-06	8.70874E-05	3.60815E-06	1.91582E-08
1.200169761	0.012599396	0.060000072	3.783862384	1.71966E-54	1.72573E-05	0.156552022	5.246951166	2.549521184	9.16604E-05	4.69794E-05	2.69754E-06	1.38253E-06	1.10695E-05	5.67343E-06	0.194820474	0.123870424	4.33057E-05	3.28309E-05	8.06326E-06	3.98427E-08	7.74614E-16	5.23525E-07	0.010411449	1.52306E-08	8.6163E-07	0.027970328	3.2257E-10	1.6533E-10	0.000359806	0.00256533	6.23296E-06	8.70868E-05	3.63414E-06	1.91682E-08
1.239138656	0.012568844	0.060010867	3.782923547	2.14232E-54	1.72634E-05	0.156055894	5.397721145	2.54828153	9.16946E-05	4.69969E-05	2.66314E-06	1.3649E-06	1.10696E-05	5.67352E-06	0.19483942	0.123729076	4.22875E-05	3.257E-05	8.71175E-06	4.22073E-08	8.17115E-16	5.39649E-07	0.010413369	1.50243E-08	8.85842E-07	0.027969274	3.28174E-10	1.68203E-10	0.000363881	0.00257063	6.46414E-06	8.70862E-05	3.66085E-06	1.91792E-08
1.279094052	0.01253725	0.060021907	3.781969148	2.69465E-54	1.72697E-05	0.15555677	5.551121202	2.547034972	9.17296E-05	4.70148E-05	2.62806E-06	1.34692E-06	1.10698E-05	5.67359E-06	0.194858678	0.1235853	4.12537E-05	3.23E-05	9.43171E-06	4.47598E-08	8.63784E-16	5.56356E-07	0.010415308	1.48207E-08	9.10871E-07	0.027968183	3.33828E-10	1.711E-10	0.000367995	0.002576045	6.7042E-06	8.70855E-05	3.68831E-06	1.91914E-08
1.320060924	0.012504543	0.060033199	3.78099915	3.42359E-54	1.72761E-05	0.155054929	5.707164743	2.545782116	9.17653E-05	4.70331E-05	2.5923E-06	1.32859E-06	1.10698E-05	5.67363E-06	0.194878249	0.123439086	4.02045E-05	3.20204E-05	1.0233E-05	4.75188E-08	9.15169E-16	5.73678E-07	0.010417267	1.46197E-08	9.36774E-07	0.027967055	3.39531E-10	1.74023E-10	0.000372145	0.002581575	6.95359E-06	8.70847E-05	3.71654E-06	1.92047E-08
1.362064878	0.012470641	0.060044747	3.780013526	4.39552E-54	1.72826E-05	0.154550674	5.86586322	2.5445236	9.18018E-05	4.70518E-05	2.55585E-06	1.30991E-06	1.10698E-05	5.67363E-06	0.194898135	0.123290427	3.91403E-05	3.17309E-05	1.11271E-05	5.05055E-08	9.71908E-16	5.91649E-07	0.010419244	1.44213E-08	9.63605E-07	0.027965888	3.45287E-10	1.76973E-10	0.000376332	0.002587224	7.21282E-06	8.70839E-05	3.74557E-06	1.92191E-08
1.405132166	0.012435451	0.060056557	3.779012265	5.70546E-54	1.72893E-05	0.15404433	6.027225978	2.543260088	9.18391E-05	4.70709E-05	2.5187E-06	1.29088E-06	1.10698E-05	5.6736E-06	0.194918333	0.123139316	3.80612E-05	3.14311E-05	1.21272E-05	5.37442E-08	1.03475E-15	6.10306E-07	0.01042124	1.42255E-08	9.91425E-07	0.027964681	3.51097E-10	1.79951E-10	0.000380554	0.002592994	7.48242E-06	8.70831E-05	3.77542E-06	1.92347E-08
1.449289709	0.01239887	0.060068635	3.777995371	7.49087E-54	1.72962E-05	0.153536247	6.191260106	2.541992276	9.18771E-05	4.70905E-05	2.48087E-06	1.27148E-06	1.10697E-05	5.67353E-06	0.194938846	0.12298575	3.69678E-05	3.11205E-05	1.32486E-05	5.72624E-08	1.10456E-15	6.29688E-07	0.010423252	1.40324E-08	1.0203E-06	0.027963431	3.56962E-10	1.82957E-10	0.00038481	0.002598889	7.76295E-06	8.70822E-05	3.80614E-06	1.92512E-08
1.494565104	0.012360777	0.060080986	3.776962865	9.95308E-54	1.73032E-05	0.1530268	6.357970274	2.540720887	9.1916E-05	4.71104E-05	2.44233E-06	1.25174E-06	1.10694E-05	5.67343E-06	0.194959672	0.122829727	3.58605E-05	3.07986E-05	1.45089E-05	6.10914E-08	1.18239E-15	6.49835E-07	0.010425281	1.38421E-08	1.05029E-06	0.027962137	3.62884E-10	1.85992E-10	0.000389098	0.002604909	8.05503E-06	8.70812E-05	3.83774E-06	1.92689E-08
1.540986652	0.012321037	0.060093616	3.775914783	1.33905E-53	1.73103E-05	0.152516392	6.527358555	2.539446673	9.19556E-05	4.71307E-05	2.4031E-06	1.23163E-06	1.10692E-05	5.67328E-06	0.19498081	0.122671249	3.47399E-05	3.04652E-05	1.59288E-05	6.52675E-08	1.26946E-15	6.70789E-07	0.010427324	1.36545E-08	1.08147E-06	0.027960797	3.68863E-10	1.89057E-10	0.000393418	0.002611059	8.35931E-06	8.70803E-05	3.87025E-06	1.92875E-08
1.588583367	0.012279495	0.06010653	3.774851182	1.82515E-53	1.73176E-05	0.152005454	6.699424251	2.538170417	9.1996E-05	4.71514E-05	2.36318E-06	1.21117E-06	1.10688E-05	5.67309E-06	0.19500226	0.12251032	3.36064E-05	3.01195E-05	1.75319E-05	6.9832E-08	1.36722E-15	6.92596E-07	0.010429382	1.34696E-08	1.11392E-06	0.027959409	3.749E-10	1.92151E-10	0.000397767	0.00261734	8.67648E-06	8.70793E-05	3.90372E-06	1.93071E-08
1.637384999	0.012235975	0.060119735	3.773772138	2.52183E-53	1.73251E-05	0.151494448	6.874163696	2.536892927	9.20373E-05	4.71725E-05	2.32255E-06	1.19035E-06	1.10683E-05	5.67285E-06	0.195024019	0.122346945	3.24609E-05	2.97613E-05	1.93458E-05	7.48328E-08	1.47744E-15	7.15302E-07	0.010431451	1.32875E-08	1.14772E-06	0.027957971	3.80995E-10	1.95274E-10	0.000402144	0.002623756	9.00728E-06	8.70782E-05	3.93817E-06	1.93276E-08
1.687422049	0.012190275	0.060133236	3.772677746	3.53443E-53	1.73328E-05	0.150983866	7.051570053	2.535615041	9.20793E-05	4.71941E-05	2.28124E-06	1.16917E-06	1.10678E-05	5.67256E-06	0.195046086	0.122181136	3.13041E-05	2.93899E-05	2.14021E-05	8.03252E-08	1.6022E-15	7.38954E-07	0.010433531	1.31082E-08	1.18294E-06	0.027956481	3.87147E-10	1.98428E-10	0.000406548	0.002630308	9.35252E-06	8.70771E-05	3.97363E-06	1.93488E-08
1.738725794	0.012142163	0.060147041	3.771568124	5.02797E-53	1.73406E-05	0.150474233	7.231633108	2.534337626	9.21222E-05	4.72161E-05	2.23923E-06	1.14764E-06	1.10671E-05	5.67222E-06	0.195068458	0.122012905	3.01369E-05	2.90049E-05	2.37376E-05	8.63734E-08	1.74408E-15	7.63605E-07	0.010435619	1.29317E-08	1.21967E-06	0.027954936	3.93356E-10	2.0161E-10	0.000410977	0.002637	9.71306E-06	8.7076E-05	4.01015E-06	1.93707E-08
1.791328299	0.012091377	0.060161154	3.770443414	7.26497E-53	1.73486E-05	0.149966109	7.414339037	2.533061573	9.21659E-05	4.72385E-05	2.19654E-06	1.12576E-06	1.10663E-05	5.67182E-06	0.195091133	0.121842269	2.89604E-05	2.86057E-05	2.63945E-05	9.30524E-08	1.90615E-15	7.89304E-07	0.010437714	1.27581E-08	1.25801E-06	0.027953334	3.99621E-10	2.04821E-10	0.00041543	0.002643834	1.00898E-05	8.70749E-05	4.04776E-06	1.9393E-08
1.845262443	0.012037616	0.060175582	3.769303781	1.06698E-52	1.73568E-05	0.149460088	7.599670174	2.5317878	9.22104E-05	4.72613E-05	2.15318E-06	1.10354E-06	1.10654E-05	5.67136E-06	0.195114107	0.121669247	2.77756E-05	2.81918E-05	2.94214E-05	1.0045E-07	2.09225E-15	8.16107E-07	0.010439814	1.25875E-08	1.29806E-06	0.027951673	4.05939E-10	2.08059E-10	0.000419903	0.002650813	1.04837E-05	8.70738E-05	4.08649E-06	1.94157E-08
1.900561936	0.011980538	0.060190332	3.768149418	1.594E-52	1.73651E-05	0.148956805	7.787604757	2.530517251	9.22557E-05	4.72845E-05	2.10915E-06	1.08097E-06	1.10644E-05	5.67085E-06	0.195137376	0.121493864	2.65839E-05	2.77626E-05	3.28742E-05	1.0867E-07	2.30705E-15	8.44066E-07	0.010441915	1.24198E-08	1.33991E-06	0.02794995	4.12308E-10	2.11323E-10	0.000424396	0.002657939	1.08959E-05	8.70726E-05	4.12639E-06	1.94384E-08
1.957261343	0.011919755	0.06020541	3.766980544	2.42424E-52	1.73737E-05	0.148456931	7.978116668	2.529250895	9.23018E-05	4.73081E-05	2.06446E-06	1.05807E-06	1.10633E-05	5.67026E-06	0.195160936	0.121316147	2.53867E-05	2.73175E-05	3.68166E-05	1.17833E-07	2.5564E-15	8.73236E-07	0.010444015	1.22551E-08	1.38367E-06	0.027948162	4.18725E-10	2.14612E-10	0.000428905	0.002665216	1.13275E-05	8.70715E-05	4.1675E-06	1.94609E-08
2.015396101	0.011854824	0.060220823	3.765797409	3.75649E-52	1.73824E-05	0.147961178	8.171175151	2.527989722	9.23487E-05	4.73322E-05	2.01913E-06	1.03484E-06	1.1062E-05	5.66961E-06	0.195184782	0.12113613	2.41856E-05	2.68561E-05	4.13211E-05	1.28084E-07	2.84759E-15	9.03672E-07	0.010446111	1.20935E-08	1.42946E-06	0.027946307	4.25187E-10	2.17924E-10	0.00043343	0.002672646	1.17797E-05	8.70704E-05	4.20986E-06	1.94829E-08
2.075002549	0.011785248	0.060236578	3.764600292	5.93596E-52	1.73914E-05	0.147470301	8.366744521	2.526734746	9.23964E-05	4.73566E-05	1.97317E-06	1.01128E-06	1.10606E-05	5.66889E-06	0.195208908	0.120953849	2.29824E-05	2.63777E-05	4.64702E-05	1.39595E-07	3.18982E-15	9.35428E-07	0.0104482	1.1935E-08	1.47741E-06	0.027944381	4.31689E-10	2.21257E-10	0.000437968	0.002680231	1.22538E-05	8.70693E-05	4.25351E-06	1.95039E-08
2.13611794	0.011710467	0.06025268	3.763389505	9.5742E-52	1.74005E-05	0.146985098	8.564783849	2.525486999	9.24449E-05	4.73814E-05	1.9266E-06	9.87412E-07	1.1059E-05	5.66809E-06	0.195233308	0.120769346	2.17789E-05	2.58817E-05	5.23562E-05	1.52571E-07	3.59481E-15	9.68556E-07	0.010450277	1.17797E-08	1.52763E-06	0.027942382	4.38226E-10	2.24607E-10	0.000442516	0.002687975	1.27512E-05	8.70683E-05	4.29849E-06	1.95236E-08
2.198780476	0.011629853	0.060269137	3.762165396	1.57775E-51	1.74099E-05	0.146506416	8.765246639	2.524247534	9.24941E-05	4.74067E-05	1.87943E-06	9.63239E-07	1.10573E-05	5.66722E-06	0.195257976	0.120582669	2.05775E-05	2.53676E-05	5.90829E-05	1.67259E-07	4.07755E-15	1.00311E-06	0.010452338	1.16278E-08	1.58028E-06	0.027940305	4.44792E-10	2.27972E-10	0.000447073	0.00269588	1.32734E-05	8.70674E-05	4.34486E-06	1.95413E-08
2.26302932	0.01154271	0.060285956	3.760928349	2.65915E-51	1.74194E-05	0.146035145	8.968080482	2.523017421	9.25441E-05	4.74323E-05	1.8317E-06	9.38775E-07	1.10555E-05	5.66627E-06	0.195282903	0.120393871	1.93804E-05	2.48349E-05	6.67649E-05	1.83955E-07	4.65747E-15	1.03912E-06	0.01045438	1.14792E-08	1.6355E-06	0.027938149	4.51382E-10	2.3135E-10	0.000451635	0.002703949	1.38221E-05	8.70665E-05	4.39266E-06	1.95565E-08
2.328904633	0.011448269	0.060303143	3.759678785	4.58861E-51	1.74292E-05	0.145572229	9.173226688	2.521797742	9.25949E-05	4.74583E-05	1.78342E-06	9.14031E-07	1.10534E-05	5.66523E-06	0.195308081	0.12020301	1.81903E-05	2.4283E-05	7.55281E-05	2.03018E-07	5.35993E-15	1.07664E-06	0.010456396	1.1334E-08	1.69345E-06	0.027935908	4.57988E-10	2.34736E-10	0.000456199	0.002712184	1.43989E-05	8.70659E-05	4.44194E-06	1.95685E-08
2.396447586	0.011345687	0.060320704	3.758417168	8.11596E-51	1.74392E-05	0.145118662	9.380619904	2.520589597	9.26464E-05	4.74847E-05	1.73462E-06	8.89022E-07	1.10512E-05	5.6641E-06	0.195333502	0.120010152	1.701E-05	2.37113E-05	8.55091E-05	2.24882E-07	6.21842E-15	1.1157E-06	0.010458382	1.11924E-08	1.75431E-06	0.02793358	4.64603E-10	2.38126E-10	0.000460764	0.002720587	1.50058E-05	8.70653E-05	4.49274E-06	1.95766E-08
2.465700398	0.011234053	0.060338647	3.757144004	1.4731E-50	1.74494E-05	0.144675495	9.590187705	2.519394092	9.26985E-05	4.75114E-05	1.68534E-06	8.63764E-07	1.10489E-05	5.66288E-06	0.195359154	0.119815367	1.58427E-05	2.31195E-05	9.68534E-05	2.50076E-07	7.27761E-15	1.15632E-06	0.010460331	1.10545E-08	1.8183E-06	0.027931161	4.71219E-10	2.41517E-10	0.000465326	0.002729162	1.56447E-05	8.7065E-05	4.54511E-06	1.958E-08
2.536706352	0.011112392	0.060356978	3.755859844	2.74725E-50	1.74598E-05	0.144243837	9.801850171	2.518212343	9.27513E-05	4.75385E-05	1.63561E-06	8.38275E-07	1.10463E-05	5.66157E-06	0.195385027	0.119618735	1.46916E-05	2.2507E-05	0.000109714	2.79242E-07	8.59774E-15	1.1985E-06	0.010462237	1.09204E-08	1.88561E-06	0.027928647	4.77826E-10	2.44903E-10	0.000469882	0.002737909	1.63178E-05	8.70649E-05	4.59911E-06	1.95778E-08
2.609509832	0.010979679	0.060375702	3.754565289	5.27105E-50	1.74705E-05	0.143824859	10.01551943	2.517045473	9.28048E-05	4.75659E-05	1.58546E-06	8.12575E-07	1.10436E-05	5.66016E-06	0.19541111	0.119420341	1.35603E-05	2.18736E-05	0.000124246	3.13168E-07	1.02611E-14	1.24223E-06	0.010464092	1.07902E-08	1.95652E-06	0.027926034	4.84417E-10	2.48281E-10	0.000474429	0.002746831	1.70274E-05	8.70651E-05	4.65479E-06	1.95692E-08
2.68415634	0.010834851	0.060394825	3.753260987	1.04189E-49	1.74814E-05	0.143419803	10.23109919	2.515894606	9.28588E-05	4.75936E-05	1.53494E-06	7.86684E-07	1.10406E-05	5.65866E-06	0.195437389	0.119220281	1.24526E-05	2.12188E-05	0.000140606	3.52813E-07	1.23816E-14	1.28748E-06	0.01046589	1.06639E-08	2.0313E-06	0.027923317	4.90982E-10	2.51646E-10	0.000478965	0.002755929	1.7776E-05	8.70655E-05	4.71219E-06	1.95532E-08
2.760692533	0.010676834	0.060414353	3.751947643	2.12464E-49	1.74925E-05	0.143029983	10.44848423	2.514760865	9.29134E-05	4.76216E-05	1.4841E-06	7.60627E-07	1.10375E-05	5.65705E-06	0.19546385	0.119018655	1.13724E-05	2.05426E-05	0.000158942	3.99352E-07	1.51187E-14	1.33418E-06	0.01046762	1.05418E-08	2.11028E-06	0.027920492	4.97511E-10	2.54992E-10	0.000483485	0.002765203	1.85661E-05	8.70663E-05	4.77137E-06	1.95291E-08
2.839166249	0.01050457	0.06043429	3.750626016	4.47644E-49	1.75039E-05	0.142656794	10.66755991	2.513645371	9.29685E-05	4.76498E-05	1.43299E-06	7.34429E-07	1.10341E-05	5.65533E-06	0.195490479	0.118815577	1.0324E-05	1.98447E-05	0.000179385	4.54225E-07	1.86995E-14	1.38223E-06	0.010469274	1.04239E-08	2.19387E-06	0.027917554	5.03994E-10	2.58315E-10	0.000487987	0.002774654	1.94006E-05	8.70675E-05	4.83238E-06	1.94961E-08
2.919626537	0.010317057	0.06045464	3.749296925	9.75974E-49	1.75156E-05	0.142301723	10.88820161	2.512549237	9.30241E-05	4.76783E-05	1.38165E-06	7.08118E-07	1.10306E-05	5.65351E-06	0.195517259	0.118611165	9.3115E-06	1.91253E-05	0.000202046	5.19191E-07	2.34519E-14	1.43149E-06	0.010470841	1.03102E-08	2.2825E-06	0.027914499	5.10422E-10	2.61609E-10	0.000492467	0.002784279	2.02824E-05	8.70691E-05	4.89527E-06	1.94537E-08
3.002123687	0.010113391	0.060475405	3.747961252	2.20547E-48	1.75275E-05	0.141966356	11.11027418	2.511473567	9.30801E-05	4.7707E-05	1.33015E-06	6.81724E-07	1.10268E-05	5.65158E-06	0.195544173	0.118405552	8.33925E-06	1.83846E-05	0.000226998	5.96398E-07	2.98579E-14	1.48175E-06	0.01047231	1.02008E-08	2.37672E-06	0.027911323	5.16784E-10	2.6487E-10	0.000496921	0.002794075	2.12148E-05	8.70712E-05	4.9601E-06	1.94013E-08
3.086709262	0.009892819	0.060496588	3.746619944	5.17426E-48	1.75396E-05	0.141652386	11.33363144	2.510419448	9.31364E-05	4.77359E-05	1.27855E-06	6.5528E-07	1.10228E-05	5.64954E-06	0.195571201	0.118198879	7.4115E-06	1.76229E-05	0.000254266	6.88466E-07	3.86382E-14	1.53273E-06	0.010473668	1.00956E-08	2.47718E-06	0.027908019	5.2307E-10	2.68092E-10	0.000501347	0.002804039	2.22011E-05	8.70736E-05	5.02689E-06	1.9339E-08
3.173436131	0.009654793	0.060518187	3.745274014	1.26252E-47	1.75521E-05	0.141361625	11.55811565	2.509387948	9.31931E-05	4.77649E-05	1.22693E-06	6.28821E-07	1.10186E-05	5.64739E-06	0.195598324	0.117991298	6.53239E-06	1.68409E-05	0.000283818	7.9858E-07	5.0892E-14	1.58407E-06	0.0104749	9.99469E-09	2.58465E-06	0.027904583	5.2927E-10	2.71269E-10	0.000505739	0.002814163	2.32448E-05	8.70765E-05	5.09571E-06	1.92671E-08
3.262358501	0.009399025	0.060540202	3.743924547	3.20962E-47	1.75648E-05	0.141096012	11.78355703	2.508380111	9.32499E-05	4.7794E-05	1.17535E-06	6.02385E-07	1.10142E-05	5.64512E-06	0.19562552	0.117782972	5.70581E-06	1.60397E-05	0.000315549	9.30592E-07	6.83329E-14	1.6353E-06	0.010475992	9.89784E-09	2.70005E-06	0.027901011	5.35373E-10	2.74397E-10	0.000510096	0.002824438	2.43497E-05	8.70798E-05	5.1666E-06	1.91864E-08
3.353531952	0.009125547	0.060562629	3.7425727	8.51737E-47	1.75778E-05	0.140857623	12.00977351	2.507396953	9.33068E-05	4.78232E-05	1.12389E-06	5.76013E-07	1.10096E-05	5.64274E-06	0.195652767	0.117574078	4.93532E-06	1.52204E-05	0.000349271	1.08914E-06	9.36966E-14	1.68583E-06	0.010476926	9.80485E-09	2.82451E-06	0.027897295	5.41367E-10	2.77469E-10	0.000514411	0.002834851	2.55197E-05	8.70835E-05	5.23958E-06	1.90982E-08
3.447013469	0.008834755	0.060585461	3.741219702	2.36391E-46	1.75911E-05	0.140648672	12.23657059	2.50643945	9.33638E-05	4.78524E-05	1.07264E-06	5.49748E-07	1.10047E-05	5.64024E-06	0.195680038	0.117364803	4.22399E-06	1.43849E-05	0.000384709	1.2798E-06	1.31463E-13	1.73489E-06	0.010477683	9.71542E-09	2.95936E-06	0.027893433	5.47237E-10	2.80478E-10	0.000518683	0.002845388	2.67589E-05	8.70875E-05	5.3147E-06	1.90044E-08
3.542861483	0.008527448	0.06060869	3.739866851	6.87535E-46	1.76046E-05	0.140471523	12.46374169	2.505508537	9.34208E-05	4.78816E-05	1.0217E-06	5.23638E-07	1.09996E-05	5.63763E-06	0.195707309	0.117155346	3.57429E-06	1.35355E-05	0.000421493	1.50916E-06	1.89155E-13	1.78154E-06	0.010478244	9.62914E-09	3.10621E-06	0.027889417	5.52965E-10	2.83413E-10	0.000522907	0.002856028	2.80715E-05	8.70916E-05	5.39198E-06	1.89076E-08
3.6411359	0.008204849	0.060632304	3.738515512	2.09983E-45	1.76185E-05	0.140328694	12.69106904	2.504605092	9.34776E-05	4.79107E-05	9.71156E-07	4.97733E-07	1.09943E-05	5.6349E-06	0.195734553	0.116945918	2.98792E-06	1.26749E-05	0.000459162	1.78505E-06	2.79673E-13	1.82461E-06	0.010478585	9.54551E-09	3.267E-06	0.027885244	5.58526E-10	2.86264E-10	0.000527078	0.00286675	2.94618E-05	8.70958E-05	5.47145E-06	1.88112E-08
3.741898147	0.007868603	0.060656288	3.737167099	6.7486E-45	1.76327E-05	0.140222868	12.9183256	2.503729927	9.35341E-05	4.79397E-05	9.21116E-07	4.72087E-07	1.09887E-05	5.63206E-06	0.19576174	0.116736736	2.46572E-06	1.18068E-05	0.000497172	2.11657E-06	4.25382E-13	1.86272E-06	0.010478683	9.46391E-09	3.44403E-06	0.027880908	5.63888E-10	2.89012E-10	0.000531193	0.002877526	3.09343E-05	8.70998E-05	5.55312E-06	1.87189E-08
3.845211201	0.00752075	0.060680628	3.735823063	2.28732E-44	1.76472E-05	0.140156904	13.14527841	2.502883766	9.35903E-05	4.79685E-05	8.71692E-07	4.46757E-07	1.0983E-05	5.6291E-06	0.195788842	0.116528025	2.00749E-06	1.09354E-05	0.000534912	2.5143E-06	6.64863E-13	1.89419E-06	0.010478511	9.38367E-09	3.64001E-06	0.027876405	5.69005E-10	2.91634E-10	0.000535249	0.002888326	3.24932E-05	8.71035E-05	5.63699E-06	1.86354E-08
3.951139638	0.007163674	0.060705303	3.734484854	8.19412E-44	1.76621E-05	0.140133525	13.3716941	2.502067231	9.36461E-05	4.79971E-05	8.23001E-07	4.21802E-07	1.0977E-05	5.62603E-06	0.195815831	0.11632001	1.61196E-06	1.0066E-05	0.000571725	2.99041E-06	1.06303E-12	1.91713E-06	0.010478043	9.3045E-09	3.85815E-06	0.02787173	5.73815E-10	2.941E-10	0.00053924	0.002899115	3.4143E-05	8.71065E-05	5.72307E-06	1.85658E-08
4.059749667	0.00680002	0.060730294	3.733153873	3.11E-43	1.76773E-05	0.140109604	13.59734735	2.501280803	9.37012E-05	4.80253E-05	7.75165E-07	3.97285E-07	1.09708E-05	5.62285E-06	0.195842677	0.116112907	1.27662E-06	9.20441E-06	0.000606934	3.55877E-06	1.72425E-12	1.92944E-06	0.010477651	9.22929E-09	4.10218E-06	0.027866881	5.78241E-10	2.96368E-10	0.000543164	0.002910227	3.58866E-05	8.71101E-05	5.81145E-06	1.84846E-08
4.171109171	0.006432597	0.060755584	3.731831401	1.25364E-42	1.76928E-05	0.140085114	13.82203353	2.500524793	9.37555E-05	4.80532E-05	7.28307E-07	3.73269E-07	1.09644E-05	5.61957E-06	0.195869356	0.115906917	9.97824E-07	8.3575E-06	0.00063987	4.23519E-06	2.80559E-12	1.92892E-06	0.010477337	9.15787E-09	4.37641E-06	0.027861854	5.82159E-10	2.98376E-10	0.000547015	0.002921648	3.77277E-05	8.71142E-05	5.90211E-06	1.83962E-08
4.285287754	0.00606425	0.060781157	3.730518492	5.3814E-42	1.77088E-05	0.140060019	14.04558664	2.49979929	9.38091E-05	4.80807E-05	6.82553E-07	3.4982E-07	1.09578E-05	5.61618E-06	0.195895847	0.115702204	7.7077E-07	7.5325E-06	0.000669903	5.03775E-06	4.52461E-12	1.91347E-06	0.010477102	9.08958E-09	4.6857E-06	0.027856649	5.854E-10	3.00037E-10	0.000550791	0.002933364	3.96695E-05	8.71184E-05	5.99504E-06	1.83051E-08
4.402356782	0.005697734	0.060807002	3.729215835	2.46724E-41	1.77251E-05	0.140034271	14.26790402	2.499104105	9.38617E-05	4.81076E-05	6.38021E-07	3.26996E-07	1.09509E-05	5.61269E-06	0.195922137	0.115498876	5.89756E-07	6.73693E-06	0.000696464	5.9874E-06	7.15434E-12	1.88126E-06	0.010476948	9.02369E-09	5.03551E-06	0.027851264	5.87756E-10	3.01245E-10	0.000554487	0.00294536	4.17146E-05	8.71226E-05	6.09021E-06	1.82161E-08
4.522389427	0.005335577	0.060833119	3.727923568	1.21222E-40	1.77419E-05	0.140007804	14.48897904	2.498438702	9.39132E-05	4.8134E-05	5.94815E-07	3.04853E-07	1.09439E-05	5.60911E-06	0.195948222	0.115296957	4.4847E-07	5.97805E-06	0.000719063	7.10894E-06	1.10006E-11	1.83108E-06	0.010476877	8.95944E-09	5.43183E-06	0.027845701	5.88988E-10	3.01876E-10	0.0005581	0.002957618	4.38653E-05	8.71265E-05	6.18758E-06	1.81337E-08
4.645460712	0.004979961	0.060859521	3.726641036	6.40805E-40	1.77593E-05	0.139980524	14.70894322	2.497802127	9.39637E-05	4.81599E-05	5.53022E-07	2.83433E-07	1.09368E-05	5.60542E-06	0.195974116	0.115096344	3.40388E-07	5.26245E-06	0.000737296	8.43267E-06	1.63634E-11	1.76252E-06	0.010476891	8.89612E-09	5.88107E-06	0.027839962	5.88847E-10	3.01804E-10	0.000561625	0.002970121	4.61229E-05	8.71299E-05	6.28708E-06	1.80621E-08
4.771647562	0.004632613	0.060886236	3.725366503	3.6621E-39	1.77772E-05	0.1399523	14.92811863	2.49719292	9.4013E-05	4.81852E-05	5.12697E-07	2.62766E-07	1.09294E-05	5.60163E-06	0.195999857	0.114896764	2.59188E-07	4.59555E-06	0.000750842	9.99671E-06	2.3493E-11	1.67616E-06	0.01047699	8.83308E-09	6.38997E-06	0.027834052	5.87094E-10	3.00905E-10	0.00056506	0.00298285	4.84881E-05	8.71326E-05	6.38867E-06	1.80054E-08
4.901028848	0.004294731	0.060913318	3.724096794	2.27602E-38	1.77958E-05	0.139922946	15.14708222	2.496609034	9.40612E-05	4.82099E-05	4.73861E-07	2.42862E-07	1.09217E-05	5.59773E-06	0.196025507	0.114697719	1.99096E-07	3.98134E-06	0.000759448	1.18505E-05	3.25523E-11	1.5736E-06	0.010477177	8.76973E-09	6.96533E-06	0.027827974	5.83514E-10	2.9907E-10	0.000568402	0.002995787	5.09613E-05	8.71345E-05	6.49226E-06	1.7967E-08
5.033685436	0.003966944	0.060940848	3.722826867	1.54991E-37	1.78154E-05	0.139892201	15.36674395	2.496047744	9.41084E-05	4.82341E-05	4.36494E-07	2.2371E-07	1.09139E-05	5.5937E-06	0.196051171	0.11449841	1.55121E-07	3.42225E-06	0.000762903	1.40599E-05	4.35983E-11	1.4574E-06	0.010477452	8.70558E-09	7.61386E-06	0.027821735	5.77928E-10	2.96208E-10	0.000571646	0.003008912	5.35416E-05	8.71354E-05	6.59776E-06	1.795E-08
5.169700241	0.003649299	0.060968946	3.721549296	1.16738E-36	1.7836E-05	0.139859699	15.58844325	2.495505552	9.41547E-05	4.82578E-05	4.00527E-07	2.05277E-07	1.09057E-05	5.58952E-06	0.196077	0.11429766	1.23148E-07	2.91913E-06	0.000761012	1.67146E-05	5.65852E-11	1.33087E-06	0.010477818	8.64023E-09	8.34185E-06	0.027815344	5.70196E-10	2.92245E-10	0.000574789	0.003022206	5.6228E-05	8.71351E-05	6.70507E-06	1.79567E-08
5.309158278	0.00334128	0.060997773	3.72025361	9.84124E-36	1.78581E-05	0.139824926	15.81407199	2.494978078	9.42003E-05	4.82812E-05	3.65849E-07	1.87504E-07	1.08972E-05	5.58516E-06	0.196103208	0.114093804	9.99252E-08	2.47142E-06	0.000753568	1.99398E-05	7.13836E-11	1.19777E-06	0.010478275	8.57338E-09	9.15484E-06	0.02780881	5.60209E-10	2.87126E-10	0.00057783	0.003035649	5.90181E-05	8.71335E-05	6.81406E-06	1.79892E-08
5.452146712	0.00304186	0.061027536	3.718925429	9.42495E-35	1.78821E-05	0.139787156	16.04623889	2.49445991	9.42456E-05	4.83044E-05	3.32306E-07	1.70312E-07	1.08883E-05	5.58057E-06	0.19613009	0.11388455	8.29674E-08	2.07734E-06	0.000740323	2.39131E-05	8.7808E-11	1.06208E-06	0.010478826	8.50486E-09	1.00574E-05	0.027802142	5.47883E-10	2.80809E-10	0.000580764	0.003049222	6.19091E-05	8.71307E-05	6.92459E-06	1.80491E-08
5.598754915	0.002749566	0.061058485	3.717545254	1.04449E-33	1.79087E-05	0.139745355	16.28850113	2.493944386	9.42909E-05	4.83276E-05	2.99704E-07	1.53603E-07	1.08787E-05	5.57566E-06	0.196158045	0.11366678	7.0434E-08	1.73415E-06	0.000720985	2.88927E-05	1.05644E-10	9.27664E-07	0.010479471	8.43456E-09	1.10525E-05	0.027795353	5.33156E-10	2.73261E-10	0.000583591	0.003062902	6.48968E-05	8.71265E-05	7.03652E-06	1.81372E-08
5.749074522	0.002462586	0.061090896	3.716086688	1.37E-32	1.79387E-05	0.139698027	16.54570538	2.493423263	9.43368E-05	4.83511E-05	2.67822E-07	1.37263E-07	1.08683E-05	5.57034E-06	0.196187615	0.113436258	6.09941E-08	1.43839E-06	0.000695219	3.52609E-05	1.24666E-10	7.98058E-07	0.010480212	8.3625E-09	1.21418E-05	0.027788456	5.15983E-10	2.6446E-10	0.000586307	0.00307667	6.79762E-05	8.71209E-05	7.14967E-06	1.82542E-08
5.903199489	0.002178907	0.061125013	3.714513761	2.18552E-31	1.79737E-05	0.139642969	16.82450737	2.492886175	9.4384E-05	4.83753E-05	2.36425E-07	1.21172E-07	1.08568E-05	5.56445E-06	0.196219541	0.113187193	5.37059E-08	1.18607E-06	0.000662693	4.35942E-05	1.44648E-10	6.76242E-07	0.01048105	8.28877E-09	1.33247E-05	0.027781467	4.96338E-10	2.54391E-10	0.00058891	0.003090505	7.11405E-05	8.71141E-05	7.26385E-06	1.83998E-08
6.061226148	0.001896542	0.061160923	3.712776777	4.37999E-30	1.80157E-05	0.139576841	17.13418354	2.492319799	9.44334E-05	4.84006E-05	2.05286E-07	1.05212E-07	1.08438E-05	5.55779E-06	0.196254848	0.112911552	4.79142E-08	9.72935E-07	0.000623161	5.47746E-05	1.6536E-10	5.6452E-07	0.010481986	8.21356E-09	1.45986E-05	0.027774401	4.74225E-10	2.43058E-10	0.000591399	0.003104384	7.43816E-05	8.71062E-05	7.37885E-06	1.8573E-08
6.22325327	0.001613895	0.061198254	3.710805767	1.14535E-28	1.80681E-05	0.139494423	17.48792443	2.491706512	9.44862E-05	4.84277E-05	1.74229E-07	8.9295E-08	1.08288E-05	5.55007E-06	0.196294987	0.112597974	4.31697E-08	7.94631E-07	0.000576601	7.01619E-05	1.86561E-10	4.64446E-07	0.010483022	8.13712E-09	1.5959E-05	0.027767277	4.497E-10	2.30488E-10	0.000593772	0.003118288	7.76894E-05	8.70972E-05	7.49444E-06	1.87721E-08
6.389382129	0.001330407	0.061235523	3.708500048	4.08249E-27	1.81361E-05	0.13938725	17.90493165	2.491022286	9.45438E-05	4.84572E-05	1.43194E-07	7.33891E-08	1.08107E-05	5.54083E-06	0.196342054	0.112230022	3.91672E-08	6.4686E-07	0.000523435	9.184E-05	2.07981E-10	3.76827E-07	0.010484159	8.05973E-09	1.7399E-05	0.027760113	4.22909E-10	2.16757E-10	0.000596028	0.003132198	8.10514E-05	8.70874E-05	7.61037E-06	1.8994E-08
6.55971656	0.00104766	0.061268747	3.705711329	2.08442E-25	1.8229E-05	0.139240997	18.41387275	2.49023333	9.46083E-05	4.84903E-05	1.12359E-07	5.75859E-08	1.07885E-05	5.52942E-06	0.196399154	0.111783336	3.5701E-08	5.25512E-07	0.000464844	0.000122908	2.29303E-10	3.01779E-07	0.010485397	7.98162E-09	1.89099E-05	0.027752932	3.94149E-10	2.02017E-10	0.000598166	0.003146096	8.44529E-05	8.7077E-05	7.72639E-06	1.92343E-08
6.734363027	0.000771141	0.061288648	3.702216241	1.6116E-23	1.83629E-05	0.139030222	19.05865121	2.489290756	9.46827E-05	4.85284E-05	8.2329E-08	4.2195E-08	1.076E-05	5.51484E-06	0.196471	0.111220931	3.26336E-08	4.26761E-07	0.000403205	0.000167642	2.50144E-10	2.3884E-07	0.010486738	7.90286E-09	2.04816E-05	0.027745754	3.63971E-10	1.86551E-10	0.000600185	0.003159966	8.78763E-05	8.70663E-05	7.84221E-06	1.94873E-08
6.913430691	0.000512531	0.061275641	3.697671689	2.00679E-21	1.85681E-05	0.138707146	19.90812652	2.488122116	9.4771E-05	4.85737E-05	5.43732E-08	2.78672E-08	1.07223E-05	5.49552E-06	0.196564897	0.110485432	2.98761E-08	3.47125E-07	0.000342572	0.000231063	2.70034E-10	1.87096E-07	0.010488184	7.82316E-09	2.21028E-05	0.027738604	3.33316E-10	1.70839E-10	0.000602085	0.003173797	9.13013E-05	8.70557E-05	7.95754E-06	1.97459E-08
7.097031474	0.000291102	0.061192683	3.691543546	4.30766E-19	1.89055E-05	0.138176	21.07246649	2.486618226	9.48792E-05	4.86291E-05	3.05649E-08	1.5665E-08	1.06706E-05	5.46902E-06	0.196692365	0.109486339	2.7378E-08	2.83503E-07	0.000288857	0.000317148	2.88415E-10	1.45338E-07	0.010489734	7.74145E-09	2.37615E-05	0.027731504	3.03646E-10	1.55633E-10	0.000603865	0.003187575	9.47056E-05	8.70454E-05	8.07209E-06	2.00024E-08
7.285280133	0.000129842	0.060980046	3.682998284	1.71854E-16	1.95071E-05	0.137228988	22.73011728	2.484613632	9.50166E-05	4.86996E-05	1.33423E-08	6.83813E-09	1.05973E-05	5.43144E-06	0.196871689	0.108079901	2.51221E-08	2.33183E-07	0.000248652	0.000425628	3.04658E-10	1.12194E-07	0.01049139	7.65528E-09	2.54458E-05	0.027724477	2.7688E-10	1.41914E-10	0.000605524	0.003201288	9.80667E-05	8.70357E-05	8.18555E-06	2.02497E-08
7.47829433	4.09573E-05	0.060561313	3.670756738	1.38732E-13	2.06902E-05	0.135366546	25.16997892	2.481860768	9.51974E-05	4.87922E-05	3.94236E-09	2.02052E-09	1.04905E-05	5.37671E-06	0.197131628	0.106039903	2.31214E-08	1.9382E-07	0.000225487	0.000549688	3.18113E-10	8.62589E-08	0.010493153	7.56007E-09	2.71441E-05	0.027717546	2.54781E-10	1.30588E-10	0.000607063	0.003214918	0.000101365	8.70268E-05	8.29763E-06	2.04822E-08
7.676194704	9.3263E-06	0.059859721	3.652949772	2.50765E-10	2.33376E-05	0.131198388	28.85038174	2.478004331	9.5443E-05	4.89181E-05	6.64028E-10	3.40325E-10	1.03325E-05	5.29573E-06	0.197515783	0.103023121	2.14076E-08	1.63403E-07	0.000215756	0.00067817	3.28218E-10	6.61845E-08	0.010495024	7.44799E-09	2.88463E-05	0.027710727	2.37919E-10	1.21946E-10	0.000608483	0.003228446	0.000104585	8.70188E-05	8.40809E-06	2.06972E-08
7.87910495	2.9843E-06	0.058795221	3.627103913	7.2191E-10	2.94041E-05	0.119817292	34.46788417	2.472574356	9.57827E-05	4.90923E-05	5.48542E-11	2.81137E-11	1.00986E-05	5.17586E-06	0.198085411	0.098546872	2.00085E-08	1.40199E-07	0.000211426	0.000800528	3.34644E-10	5.07567E-08	0.010497004	7.30705E-09	3.05441E-05	0.027704032	2.25311E-10	1.15484E-10	0.000609784	0.003241858	0.000107719	8.70116E-05	8.51675E-06	2.08936E-08
8.087151894	2.07241E-06	0.057261678	3.590393868	1.31398E-09	4.28951E-05	0.082830499	43.04925386	2.46500462	9.62537E-05	4.93337E-05	2.25177E-12	1.15408E-12	9.75817E-06	5.00136E-06	0.198918202	0.091998432	1.89194E-08	1.22691E-07	0.000207314	0.000908547	3.37473E-10	3.89426E-08	0.010498952	7.11894E-09	3.2232E-05	0.027697463	2.15409E-10	1.10409E-10	0.000610969	0.003255022	0.000110767	8.70049E-05	8.62353E-06	2.10816E-08
8.300465571	1.74058E-06	0.05514078	3.540405168	2.00329E-09	7.28551E-05	0.047996863	56.17849698	2.454665432	9.69021E-05	4.96661E-05	1.8344E-13	9.40214E-14	9.27788E-06	4.7552E-06	0.200098931	0.08271703	1.80759E-08	1.09513E-07	0.000201912	0.000995406	3.37369E-10	2.99235E-08	0.010499906	6.85642E-09	3.39082E-05	0.027691014	2.07046E-10	1.06122E-10	0.00061204	0.00326707	0.000113741	8.6996E-05	8.72829E-06	2.13321E-08
8.519179309	1.48893E-06	0.052855384	3.487787945	2.77143E-09	0.000124406	0.025490632	72.12447302	2.44367431	9.76062E-05	5.0027E-05	1.17478E-13	6.02138E-14	8.75006E-06	4.48467E-06	0.20138708	0.072597101	1.73212E-08	9.93964E-08	0.000196143	0.001065722	3.35684E-10	2.31229E-08	0.010500262	6.5558E-09	3.55744E-05	0.027684662	1.99743E-10	1.02379E-10	0.000613005	0.003278403	0.000116649	8.69861E-05	8.83152E-06	2.16181E-08
8.743429812	1.27839E-06	0.050726234	3.440169704	3.60497E-09	0.000195283	0.013338543	88.57710386	2.433776344	9.82605E-05	5.03624E-05	9.7313E-14	4.9878E-14	8.25249E-06	4.22965E-06	0.202572762	0.063281363	1.65295E-08	9.13582E-08	0.000190793	0.001126212	3.33848E-10	1.80636E-08	0.010500296	6.25582E-09	3.7234E-05	0.027678386	1.93317E-10	9.90851E-11	0.00061387	0.003289315	0.000119501	8.69758E-05	8.9337E-06	2.19212E-08
8.973357244	1.09625E-06	0.048714844	3.396769718	4.49261E-09	0.000288231	0.006886234	105.4929171	2.424914429	9.88702E-05	5.06749E-05	8.11564E-14	4.15969E-14	7.78147E-06	3.98824E-06	0.203653872	0.054786311	1.5661E-08	8.47431E-08	0.000185759	0.001177543	3.32965E-10	1.43115E-08	0.010500165	5.95949E-09	3.88891E-05	0.027672166	1.8761E-10	9.61596E-11	0.000614642	0.00329998	0.000122306	8.69655E-05	9.0352E-06	2.22314E-08
9.209105316	9.36883E-07	0.046784333	3.356868087	5.42339E-09	0.000406195	0.003506095	122.8837989	2.416997957	9.9441E-05	5.09675E-05	6.76022E-14	3.46496E-14	7.33308E-06	3.75843E-06	0.204633435	0.047088553	1.47171E-08	7.91083E-08	0.000180945	0.001219922	3.33881E-10	1.15131E-08	0.010499959	5.66716E-09	4.05416E-05	0.027665991	1.8249E-10	9.35352E-11	0.000615329	0.003310502	0.000125071	8.69555E-05	9.13626E-06	2.25431E-08
9.450821379	7.97168E-07	0.044905729	3.319912817	6.38619E-09	0.000552108	0.001759422	140.7618817	2.409940911	9.99776E-05	5.12426E-05	5.61624E-14	2.8786E-14	6.90453E-06	3.53878E-06	0.205515053	0.040160163	1.3717E-08	7.41516E-08	0.000176274	0.001253352	3.37253E-10	9.3998E-09	0.010499723	5.3789E-09	4.21929E-05	0.02765985	1.7785E-10	9.11573E-11	0.000615938	0.003320942	0.000127801	8.69457E-05	9.23708E-06	2.28537E-08
9.698656514	6.75016E-07	0.043056874	3.28547169	7.36937E-09	0.000728849	0.000869448	159.1395482	2.403661994	0.000100483	5.15019E-05	4.65001E-14	2.38336E-14	6.49378E-06	3.32826E-06	0.206302851	0.033969043	1.26855E-08	6.96669E-08	0.000171687	0.001277727	3.43615E-10	7.77557E-09	0.010499484	5.09467E-09	4.38441E-05	0.027653734	1.73608E-10	8.89825E-11	0.000616475	0.003331338	0.000130501	8.69363E-05	9.33778E-06	2.31621E-08
9.952765624	5.6874E-07	0.041221559	3.253200163	8.36065E-09	0.000939177	0.000422604	178.0294367	2.398084797	0.000100961	5.17469E-05	3.83544E-14	1.96585E-14	6.09938E-06	3.12612E-06	0.207001433	0.028479291	1.16469E-08	6.55137E-08	0.000167139	0.001292912	3.53428E-10	6.50188E-09	0.010499255	4.81447E-09	4.5496E-05	0.027647638	1.69695E-10	8.6977E-11	0.000616947	0.00334171	0.000133177	8.69271E-05	9.43846E-06	2.34679E-08
10.21330754	4.76811E-07	0.039388785	3.222819305	9.34706E-09	0.001185673	0.000201732	197.4444455	2.393138055	0.000101413	5.19786E-05	3.15095E-14	1.61501E-14	5.72027E-06	2.93181E-06	0.207615827	0.023651604	1.06227E-08	6.15981E-08	0.0001626	0.001298809	3.67116E-10	5.48253E-09	0.010499041	4.53831E-09	4.71495E-05	0.027641556	1.66062E-10	8.51145E-11	0.000617359	0.003352071	0.00013583	8.69183E-05	9.5392E-06	2.37714E-08
10.4804451	3.97773E-07	0.037552081	3.194100244	1.0315E-08	0.001470661	9.43915E-05	217.3977388	2.388756004	0.000101842	5.2198E-05	2.57807E-14	1.32138E-14	5.35571E-06	2.74496E-06	0.208151428	0.019443746	9.63017E-09	5.78586E-08	0.00015805	0.001295408	3.85101E-10	4.65129E-09	0.010498845	4.26627E-09	4.88049E-05	0.027635486	1.62667E-10	8.33744E-11	0.000617719	0.003362429	0.000138465	8.69096E-05	9.64003E-06	2.4073E-08
10.75434528	3.30226E-07	0.035708852	3.166852946	1.12507E-08	0.001796137	4.31909E-05	237.9027518	2.384878801	0.000102247	5.24059E-05	2.10064E-14	1.07668E-14	5.00518E-06	2.56531E-06	0.208613927	0.015811075	8.68212E-09	5.42566E-08	0.000153479	0.001282828	4.07815E-10	3.96257E-09	0.010498668	3.99851E-09	5.04625E-05	0.027629424	1.5948E-10	8.17407E-11	0.00061803	0.003372787	0.000141085	8.69013E-05	9.74099E-06	2.4373E-08
11.03517928	2.72833E-07	0.03385974	3.140917953	1.214E-08	0.002163691	1.92727E-05	258.9731974	2.381452821	0.000102631	5.26028E-05	1.70451E-14	8.7364E-15	4.66831E-06	2.39265E-06	0.209009241	0.012707141	7.78751E-09	5.07699E-08	0.000148887	0.00126134	4.35716E-10	3.38463E-09	0.010498509	3.73528E-09	5.21226E-05	0.027623369	1.56475E-10	8.02007E-11	0.0006183	0.003383146	0.00014369	8.68931E-05	9.84208E-06	2.46722E-08
11.32312263	2.24336E-07	0.03200802	3.116160206	1.29694E-08	0.002574438	8.35936E-06	280.6230723	2.378430572	0.000102995	5.27892E-05	1.37726E-14	7.05909E-15	4.34489E-06	2.22689E-06	0.209343428	0.010084329	6.95187E-09	4.73873E-08	0.00014428	0.001231379	4.69294E-10	2.89499E-09	0.010498368	3.47689E-09	5.3785E-05	0.02761732	1.53634E-10	7.87443E-11	0.000618532	0.003393505	0.000146285	8.68851E-05	9.94331E-06	2.4971E-08
11.61835529	1.83571E-07	0.030159017	3.092464342	1.37258E-08	0.003028954	3.51131E-06	302.8666637	2.37577011	0.000103339	5.29657E-05	1.10807E-14	5.67934E-15	4.03477E-06	2.06794E-06	0.209622599	0.007894547	6.17791E-09	4.41055E-08	0.000139668	0.001193543	5.09071E-10	2.47729E-09	0.010498242	3.22374E-09	5.54497E-05	0.027611277	1.5094E-10	7.73632E-11	0.000618731	0.003403864	0.00014887	8.68773E-05	1.00447E-05	2.52699E-08
11.92106181	1.49478E-07	0.028319568	3.069731067	1.43973E-08	0.003527226	1.42239E-06	325.7185573	2.373434006	0.000103665	5.31326E-05	8.87555E-15	4.54911E-15	3.73785E-06	1.91576E-06	0.209852834	0.006089936	5.46624E-09	4.0926E-08	0.000135069	0.001148584	5.55595E-10	2.11929E-09	0.01049813	2.9763E-09	5.71164E-05	0.027605238	1.48379E-10	7.60506E-11	0.000618901	0.003414219	0.000151448	8.68696E-05	1.01461E-05	2.55694E-08
12.23143138	1.21102E-07	0.026497527	3.047874327	1.49737E-08	0.004068619	5.53123E-07	349.1936443	2.371388207	0.000103972	5.32903E-05	7.0766E-15	3.62707E-15	3.45411E-06	1.77034E-06	0.21004009	0.00462358	4.81586E-09	3.78535E-08	0.0001305	0.001097387	6.09435E-10	1.81151E-09	0.010498032	2.73511E-09	5.87847E-05	0.027599205	1.45941E-10	7.48009E-11	0.000619047	0.003424568	0.00015402	8.68621E-05	1.02477E-05	2.587E-08
12.54965799	9.75976E-08	0.024701318	3.026819066	1.54464E-08	0.00465185	2.05449E-07	373.3071301	2.369601158	0.000104263	5.34391E-05	5.61508E-15	2.87797E-15	3.1835E-06	1.63164E-06	0.210190114	0.003450196	4.22468E-09	3.48942E-08	0.000125983	0.001040943	6.71171E-10	1.54645E-09	0.010497946	2.50079E-09	6.04541E-05	0.027593178	1.43616E-10	7.36093E-11	0.000619171	0.003434906	0.000156586	8.68547E-05	1.03493E-05	2.61719E-08
12.87594055	7.82213E-08	0.02293955	3.006499443	1.5809E-08	0.005274999	7.25033E-08	398.0745434	2.36804339	0.000104537	5.35794E-05	4.43265E-15	2.27192E-15	2.92602E-06	1.49967E-06	0.210308366	0.002526776	3.68987E-09	3.2055E-08	0.00012154	0.000980315	7.41375E-10	1.31799E-09	0.010497871	2.27401E-09	6.21241E-05	0.027587159	1.41396E-10	7.24715E-11	0.000619277	0.003445232	0.00015915	8.68474E-05	1.04509E-05	2.64756E-08
13.21048299	6.23261E-08	0.021220679	2.986857394	1.60575E-08	0.005935521	2.41751E-08	423.5117448	2.366687536	0.000104794	5.37115E-05	3.48018E-15	1.78374E-15	2.68162E-06	1.37441E-06	0.210399942	0.001813162	3.20822E-09	2.93426E-08	0.000117191	0.000916604	8.20599E-10	1.12106E-09	0.010497805	2.05552E-09	6.37941E-05	0.027581149	1.39274E-10	7.13839E-11	0.000619369	0.003455539	0.000161711	8.68402E-05	1.05525E-05	2.67813E-08
13.55349441	4.93529E-08	0.019552734	2.967841455	1.61902E-08	0.006630293	7.57297E-09	449.6349374	2.365508559	0.000105036	5.38356E-05	2.71647E-15	1.3923E-15	2.45027E-06	1.25584E-06	0.210469516	0.001272529	2.77627E-09	2.67628E-08	0.000112959	0.000850916	9.09354E-10	9.51386E-10	0.010497749	1.84611E-09	6.54634E-05	0.027575148	1.37244E-10	7.03434E-11	0.000619447	0.003465825	0.000164272	8.68331E-05	1.06541E-05	2.70892E-08
13.9051892	3.88217E-08	0.01794309	2.949405809	1.62081E-08	0.007355665	2.21604E-09	476.4606767	2.364483978	0.000105263	5.3952E-05	2.10711E-15	1.07998E-15	2.23189E-06	1.14391E-06	0.210521292	0.00087175	2.39055E-09	2.43207E-08	0.000108862	0.000784323	1.00809E-09	8.05345E-10	0.0104977	1.64659E-09	6.71312E-05	0.027569159	1.353E-10	6.93471E-11	0.000619515	0.003476085	0.000166831	8.68261E-05	1.07556E-05	2.73993E-08
14.2657872	3.03223E-08	0.016398297	2.931509491	1.61143E-08	0.008107542	6.02387E-10	504.0058822	2.363593951	0.000105476	5.40609E-05	1.62349E-15	8.32107E-16	2.02638E-06	1.03858E-06	0.210558973	0.000581643	2.04762E-09	2.20199E-08	0.000104919	0.00071784	1.11719E-09	6.79821E-10	0.010497658	1.45786E-09	6.87968E-05	0.027563184	1.33438E-10	6.83924E-11	0.000619575	0.003486315	0.000169391	8.68192E-05	1.08569E-05	2.77117E-08
14.63551377	2.35054E-08	0.014923956	2.914115726	1.59141E-08	0.008881465	1.51301E-10	532.2878483	2.36282119	0.000105675	5.41627E-05	1.2419E-15	6.36525E-16	1.83359E-06	9.39772E-07	0.21058575	0.000377071	1.74414E-09	1.98625E-08	0.000101145	0.000652393	1.23691E-09	5.72125E-10	0.010497622	1.28085E-09	7.04594E-05	0.027557224	1.31652E-10	6.74772E-11	0.000619627	0.003496511	0.000171951	8.68124E-05	1.0958E-05	2.80265E-08
15.01460002	1.80752E-08	0.013524641	2.897191384	1.56149E-08	0.009672707	3.49385E-11	561.3242574	2.362150744	0.00010586	5.42575E-05	9.42716E-16	4.83181E-16	1.65335E-06	8.47393E-07	0.210604306	0.000236907	1.47691E-09	1.78493E-08	9.75528E-05	0.000588801	1.36741E-09	4.79926E-10	0.010497592	1.11653E-09	7.2118E-05	0.027551281	1.2994E-10	6.65995E-11	0.000619673	0.003506667	0.000174513	8.68057E-05	1.10589E-05	2.83435E-08
15.40328288	1.37813E-08	0.012203859	2.88070651	1.52256E-08	0.010476378	7.38409E-12	591.1331919	2.361569708	0.000106031	5.43456E-05	7.09768E-16	3.63786E-16	1.48543E-06	7.61328E-07	0.210616835	0.000143867	1.24288E-09	1.59799E-08	9.41532E-05	0.000527764	1.50873E-09	4.01194E-10	0.010497566	9.65977E-10	7.37719E-05	0.027545359	1.28297E-10	6.57575E-11	0.000619714	0.003516781	0.000177076	8.6799E-05	1.11595E-05	2.86627E-08
15.8018053	1.0413E-08	0.010964048	2.864633932	1.47562E-08	0.011287523	1.42259E-12	621.7331481	2.361066927	0.000106191	5.44272E-05	5.29759E-16	2.71523E-16	1.32956E-06	6.81441E-07	0.210625081	8.4225E-05	1.03914E-09	1.42524E-08	9.09538E-05	0.00046985	1.66074E-09	3.34158E-10	0.010497544	8.30345E-10	7.54201E-05	0.027539458	1.26721E-10	6.49496E-11	0.00061975	0.003526847	0.00017964	8.67925E-05	1.12598E-05	2.89838E-08
16.21041635	7.79347E-09	0.009806603	2.848948929	1.4218E-08	0.012101224	2.48982E-13	653.1430503	2.360632707	0.000106338	5.45026E-05	3.9179E-16	2.00809E-16	1.18543E-06	6.07571E-07	0.210630384	4.74259E-05	8.62889E-10	1.26635E-08	8.79595E-05	0.0004155	1.8232E-09	2.77263E-10	0.010497526	7.10847E-10	7.70617E-05	0.027533582	1.25208E-10	6.41745E-11	0.000619783	0.003536863	0.000182205	8.6786E-05	1.13597E-05	2.93067E-08
16.62937145	5.77501E-09	0.008731934	2.833628942	1.36224E-08	0.012912693	3.9477E-14	685.382265	2.360258582	0.000106473	5.45719E-05	2.86973E-16	1.47086E-16	1.05269E-06	5.39537E-07	0.210633732	2.56451E-05	7.1147E-10	1.12093E-08	8.51729E-05	0.000365024	1.99569E-09	2.29149E-10	0.01049751	6.08578E-10	7.86958E-05	0.027527733	1.23757E-10	6.34308E-11	0.000619812	0.003546822	0.00018477	8.67797E-05	1.14592E-05	2.9631E-08
17.05893244	4.23494E-09	0.007739532	2.81865333	1.29813E-08	0.013717356	5.65801E-15	718.4706167	2.359937109	0.000106597	5.46355E-05	2.08088E-16	1.06654E-16	9.30945E-07	4.77138E-07	0.210635825	1.33124E-05	5.82336E-10	9.88452E-09	8.25938E-05	0.000318613	2.17769E-09	1.88617E-10	0.010497498	5.24186E-10	8.03214E-05	0.027521913	1.22366E-10	6.27176E-11	0.000619837	0.003556722	0.000187336	8.67735E-05	1.15581E-05	2.99564E-08
17.49936783	3.0721E-09	0.006828061	2.804003156	1.23061E-08	0.014510928	7.31886E-16	752.4284032	2.359661721	0.00010671	5.46936E-05	1.4931E-16	7.65275E-17	8.19759E-07	4.20152E-07	0.210637133	6.64218E-06	4.73061E-10	8.68345E-09	8.022E-05	0.000276349	2.36852E-09	1.54614E-10	0.010497487	4.57444E-10	8.19376E-05	0.027516126	1.21031E-10	6.20336E-11	0.00061986	0.003566558	0.000189901	8.67673E-05	1.16566E-05	3.02827E-08
17.95095288	2.20366E-09	0.005995453	2.789661004	1.16079E-08	0.015289475	8.53595E-17	787.2764125	2.3594266	0.000106814	5.47465E-05	1.05973E-16	5.43158E-17	7.1867E-07	3.6834E-07	0.210637959	3.19446E-06	3.81339E-10	7.59961E-09	7.80472E-05	0.000238215	2.56741E-09	1.26212E-10	0.010497479	4.06998E-10	8.35434E-05	0.027510373	1.19752E-10	6.1378E-11	0.000619881	0.003576326	0.000192465	8.67613E-05	1.17545E-05	3.06094E-08
18.41396987	1.56251E-09	0.005239013	2.775610821	1.08973E-08	0.016049458	8.97205E-18	823.0359393	2.359226581	0.000106907	5.47943E-05	7.43729E-17	3.81192E-17	6.27182E-07	3.2145E-07	0.210638491	1.48668E-06	3.04999E-10	6.6261E-09	7.60695E-05	0.000204115	2.77351E-09	1.02598E-10	0.010497472	3.70484E-10	8.51379E-05	0.027504658	1.18527E-10	6.07499E-11	0.000619899	0.003586022	0.000195026	8.67555E-05	1.18517E-05	3.09362E-08
18.88870819	1.09476E-09	0.004555521	2.761837775	1.01837E-08	0.016787768	8.49918E-19	859.7288029	2.359057084	0.000106991	5.48374E-05	5.15937E-17	2.64439E-17	5.44776E-07	2.79214E-07	0.210638844	6.72367E-07	2.42012E-10	5.75573E-09	7.42794E-05	0.000173887	2.98589E-09	8.30556E-11	0.010497466	3.4499E-10	8.672E-05	0.027498983	1.17353E-10	6.01483E-11	0.000619915	0.00359564	0.000197584	8.67497E-05	1.19483E-05	3.12626E-08
19.37546457	7.57714E-10	0.003941333	2.748328134	9.47575E-09	0.017501749	7.25958E-20	897.3773648	2.358914044	0.000107066	5.4876E-05	3.53678E-17	1.81275E-17	4.70914E-07	2.41358E-07	0.210639085	2.96636E-07	1.905E-10	4.98113E-09	7.26681E-05	0.000147314	3.20359E-09	6.69608E-11	0.010497462	3.27617E-10	8.82889E-05	0.027493353	1.16229E-10	5.95724E-11	0.000619928	0.003605177	0.000200136	8.6744E-05	1.20441E-05	3.15882E-08
19.87454324	5.1791E-10	0.003392485	2.735069156	8.78084E-09	0.018189199	5.59582E-21	936.0045476	2.358793866	0.000107134	5.49106E-05	2.3951E-17	1.22759E-17	4.05048E-07	2.07599E-07	0.210639256	1.28052E-07	1.48749E-10	4.29489E-09	7.1226E-05	0.000124145	3.42562E-09	5.37688E-11	0.010497458	3.15883E-10	8.98434E-05	0.027487769	1.15154E-10	5.90213E-11	0.00061994	0.003614629	0.000202681	8.67385E-05	1.21391E-05	3.19126E-08
20.38625615	3.49501E-10	0.002904778	2.722049001	8.10531E-09	0.018848371	3.89712E-22	975.6338538	2.358693372	0.000107194	5.49414E-05	1.60185E-17	8.21016E-18	3.46617E-07	1.77652E-07	0.210639381	5.42046E-08	1.15214E-10	3.68965E-09	6.99427E-05	0.000104105	3.65102E-09	4.30078E-11	0.010497455	3.07896E-10	9.13827E-05	0.027482235	1.14126E-10	5.84941E-11	0.000619951	0.003623989	0.000205217	8.67332E-05	1.22333E-05	3.22353E-08
20.91092313	2.32797E-10	0.002473869	2.709256638	7.45437E-09	0.019477958	2.45575E-23	1016.289385	2.358609761	0.000107247	5.49685E-05	1.05777E-17	5.42152E-18	2.95059E-07	1.51227E-07	0.210639476	2.25326E-08	8.85201E-11	3.15823E-09	6.88074E-05	8.69042E-05	3.87882E-09	3.42714E-11	0.010497453	3.02333E-10	9.29058E-05	0.027476754	1.13142E-10	5.799E-11	0.000619959	0.003633253	0.000207742	8.67279E-05	1.23265E-05	3.2556E-08
21.44887212	1.53013E-10	0.002095346	2.696681782	6.83213E-09	0.020077067	1.40254E-24	1057.995863	2.358540568	0.000107293	5.49923E-05	6.89475E-18	3.53385E-18	2.49815E-07	1.28038E-07	0.21063955	9.20685E-09	6.74634E-11	2.69367E-09	6.78089E-05	7.22521E-05	4.10811E-09	2.72115E-11	0.010497451	2.98326E-10	9.44115E-05	0.027471331	1.12202E-10	5.75081E-11	0.000619967	0.003642417	0.000210255	8.67228E-05	1.24188E-05	3.28741E-08
22.00043936	9.92196E-11	0.001764798	2.684314818	6.24167E-09	0.020645192	7.27357E-26	1100.778647	2.358483636	0.000107334	5.5013E-05	4.435E-18	2.27312E-18	2.10338E-07	1.07804E-07	0.210639608	3.69988E-09	5.10016E-11	2.28932E-09	6.69359E-05	5.9862E-05	4.33803E-09	2.15318E-11	0.010497449	2.95328E-10	9.58989E-05	0.027465968	1.11303E-10	5.70474E-11	0.000619973	0.003651473	0.000212752	8.67178E-05	1.251E-05	3.31893E-08
22.56596958	6.34562E-11	0.001477876	2.672146749	5.68514E-09	0.021182183	3.43211E-27	1144.663758	2.358437074	0.000107369	5.50312E-05	2.81452E-18	1.44256E-18	1.76096E-07	9.02543E-08	0.210639654	1.46282E-09	3.8246E-11	1.93888E-09	6.61774E-05	4.94593E-05	4.56777E-09	1.69823E-11	0.010497448	2.93008E-10	9.73669E-05	0.027460669	1.10444E-10	5.66072E-11	0.000619978	0.003660418	0.000215232	8.6713E-05	1.26002E-05	3.3501E-08
23.14581628	4.00174E-11	0.001230345	2.66016914	5.16385E-09	0.021688201	1.47667E-28	1189.677897	2.358399238	0.0001074	5.5047E-05	1.76172E-18	9.02957E-19	1.46572E-07	7.51227E-08	0.210639691	5.69128E-10	2.84493E-11	1.63645E-09	6.55224E-05	4.07853E-05	4.79658E-09	1.33532E-11	0.010497448	2.91163E-10	9.88145E-05	0.027455438	1.09623E-10	5.61865E-11	0.000619983	0.003669244	0.000217692	8.67083E-05	1.26891E-05	3.38089E-08
23.74034186	2.48775E-11	0.001018131	2.648374074	4.67834E-09	0.022163686	5.80602E-30	1235.848468	2.358368698	0.000107426	5.50605E-05	1.08737E-18	5.57321E-19	1.21271E-07	6.2155E-08	0.210639721	2.1792E-10	2.09909E-11	1.37653E-09	6.49604E-05	3.36008E-05	5.02378E-09	1.04695E-11	0.010497447	2.89666E-10	0.000100241	0.02745028	1.08839E-10	5.57845E-11	0.000619986	0.003677946	0.00022013	8.67038E-05	1.27769E-05	3.41126E-08
24.34991793	1.52417E-11	0.000837353	2.636754109	4.22854E-09	0.022609312	2.09092E-31	1283.203598	2.358344222	0.000107448	5.50719E-05	6.61606E-19	3.39101E-19	9.97234E-08	5.11113E-08	0.210639745	8.21255E-11	1.5362E-11	1.15407E-09	6.44812E-05	2.7688E-05	5.24875E-09	8.18679E-12	0.010497446	2.88438E-10	0.000101644	0.027445198	1.08089E-10	5.54004E-11	0.000619989	0.003686517	0.000222542	8.66994E-05	1.28633E-05	3.44117E-08
24.97492548	9.20035E-12	0.000684358	2.625302239	3.81385E-09	0.023025949	6.9131E-33	1331.77216	2.35832475	0.000107468	5.50816E-05	3.96719E-19	2.03335E-19	8.14918E-08	4.17671E-08	0.210639763	3.04622E-11	1.11506E-11	9.64414E-10	6.40755E-05	2.28514E-05	5.47092E-09	6.386E-12	0.010497446	2.87422E-10	0.000103023	0.027440197	1.07373E-10	5.50334E-11	0.000619992	0.00369495	0.000224926	8.66951E-05	1.29483E-05	3.47057E-08
25.61575519	5.47012E-12	0.000555735	2.614011861	3.43323E-09	0.02341463	2.10329E-34	1381.583793	2.358309378	0.000107484	5.509E-05	2.34369E-19	1.20124E-19	6.61691E-08	3.39137E-08	0.210639778	1.1121E-11	8.02695E-12	8.03371E-10	6.37341E-05	1.89178E-05	5.68978E-09	4.97004E-12	0.010497446	2.86577E-10	0.000104378	0.027435282	1.0669E-10	5.46829E-11	0.000619994	0.003703238	0.000227279	8.6691E-05	1.30319E-05	3.49943E-08
26.27280757	3.20245E-12	0.000448335	2.602876748	3.08532E-09	0.023776508	5.90259E-36	1432.668927	2.358297339	0.000107498	5.50971E-05	1.36369E-19	6.9895E-20	5.33779E-08	2.73578E-08	0.21063979	3.99583E-12	5.73018E-12	6.67146E-10	6.34489E-05	1.57356E-05	5.90487E-09	3.86003E-12	0.010497446	2.85873E-10	0.000105706	0.027430456	1.06036E-10	5.43481E-11	0.000619995	0.003711373	0.000229597	8.66871E-05	1.3114E-05	3.52771E-08
26.94649331	1.84556E-12	0.000359277	2.591891013	2.76852E-09	0.02411283	1.53151E-37	1485.058803	2.358287988	0.000107509	5.51029E-05	7.81266E-20	4.00431E-20	4.27725E-08	2.19222E-08	0.210639799	1.41297E-12	4.05606E-12	5.52346E-10	6.32123E-05	1.31737E-05	6.11575E-09	2.99229E-12	0.010497445	2.85285E-10	0.000107007	0.027425726	1.05412E-10	5.40283E-11	0.000619996	0.003719347	0.000231878	8.66832E-05	1.31944E-05	3.55537E-08
27.63723349	1.04665E-12	0.000285949	2.581049092	2.48103E-09	0.024424905	3.68256E-39	1538.785499	2.358280786	0.000107518	5.51076E-05	4.40564E-20	2.25808E-20	3.40406E-08	1.74468E-08	0.210639806	4.91687E-13	2.84645E-12	4.55955E-10	6.30173E-05	1.11201E-05	6.32205E-09	2.31569E-12	0.010497445	2.84792E-10	0.000108279	0.027421096	1.04817E-10	5.37231E-11	0.000619997	0.003727151	0.000234118	8.66796E-05	1.32731E-05	3.58238E-08
28.34545984	5.83932E-13	0.000226008	2.570345719	2.22097E-09	0.024714078	8.22497E-41	1593.881948	2.358275287	0.000107526	5.51117E-05	2.4446E-20	1.25296E-20	2.69032E-08	1.37887E-08	0.210639811	1.68361E-13	1.98019E-12	3.75307E-10	6.28579E-05	9.47974E-06	6.5234E-09	1.78934E-12	0.010497445	2.84377E-10	0.000109521	0.027416572	1.04249E-10	5.34318E-11	0.000619998	0.003734778	0.000236315	8.6676E-05	1.335E-05	3.60871E-08
29.07161502	3.20386E-13	0.000177368	2.559775903	1.98641E-09	0.024981712	1.71029E-42	1650.381965	2.358271127	0.000107533	5.51151E-05	1.33431E-20	6.83889E-21	2.11123E-08	1.08207E-08	0.210639816	5.67216E-14	1.36536E-12	3.08065E-10	6.27286E-05	8.17323E-06	6.71946E-09	1.38074E-12	0.010497445	2.84026E-10	0.000110731	0.027412159	1.03707E-10	5.31541E-11	0.000619998	0.003742217	0.000238464	8.66727E-05	1.34251E-05	3.63431E-08
29.81615291	1.72821E-13	0.000138195	2.549334912	1.77541E-09	0.025229164	3.31844E-44	1708.320268	2.358268009	0.000107538	5.51179E-05	7.16159E-21	3.67062E-21	1.64491E-08	8.43064E-09	0.210639819	1.88003E-14	9.32927E-13	2.52188E-10	6.26243E-05	7.13458E-06	6.90991E-09	1.06415E-12	0.010497445	2.83727E-10	0.000111908	0.027407863	1.03191E-10	5.28895E-11	0.000619999	0.003749459	0.000240562	8.66694E-05	1.34981E-05	3.65916E-08
30.57953887	9.16195E-14	0.000106884	2.539018252	1.58606E-09	0.025457776	6.02141E-46	1767.732502	2.358265693	0.000107543	5.51201E-05	3.77856E-21	1.93667E-21	1.2722E-08	6.52042E-09	0.210639821	6.12976E-15	6.31585E-13	2.05905E-10	6.2541E-05	6.30954E-06	7.09445E-09	8.19257E-13	0.010497445	2.83471E-10	0.00011305	0.02740369	1.02699E-10	5.26376E-11	0.000619999	0.003756494	0.000242605	8.66663E-05	1.3569E-05	3.68323E-08
31.36225003	4.77208E-14	8.20523E-05	2.528821659	1.41653E-09	0.025668856	1.02403E-47	1828.655264	2.358263989	0.000107546	5.5122E-05	1.95914E-21	1.00414E-21	9.76613E-09	5.00544E-09	0.210639823	1.96576E-15	4.23559E-13	1.6769E-10	6.24749E-05	5.65395E-06	7.27277E-09	6.30115E-13	0.010497445	2.83249E-10	0.000114156	0.027399646	1.02232E-10	5.23982E-11	0.000619999	0.003763312	0.00024459	8.66634E-05	1.36378E-05	3.70647E-08
32.16477562	2.44127E-14	6.2513E-05	2.518741075	1.26507E-09	0.025863676	1.63576E-49	1891.126125	2.358262749	0.000107549	5.51236E-05	9.97895E-22	5.11463E-22	7.44028E-09	3.81337E-09	0.210639824	6.19977E-16	2.81323E-13	1.36232E-10	6.24228E-05	5.13213E-06	7.44457E-09	4.84221E-13	0.010497445	2.83057E-10	0.000115224	0.027395738	1.01788E-10	5.21709E-11	0.00062	0.003769901	0.000246512	8.66605E-05	1.37042E-05	3.72885E-08
32.98761725	1.22622E-14	4.72611E-05	2.508772643	1.13002E-09	0.026043462	2.45946E-51	1955.183655	2.358261855	0.000107552	5.51249E-05	4.99162E-22	2.55841E-22	5.62487E-09	2.88292E-09	0.210639825	1.92273E-16	1.85017E-13	1.10413E-10	6.23822E-05	4.71549E-06	7.60958E-09	3.71819E-13	0.010497445	2.82888E-10	0.000116252	0.027391973	1.01368E-10	5.19556E-11	0.00062	0.00377625	0.000248369	8.66579E-05	1.37682E-05	3.75035E-08
33.8312892	6.04542E-15	3.54522E-05	2.498912689	1.00984E-09	0.026209391	3.48808E-53	2020.867446	2.358261217	0.000107554	5.51261E-05	2.45129E-22	1.25639E-22	4.21935E-09	2.16255E-09	0.210639826	5.86281E-17	1.20458E-13	8.92837E-11	6.23507E-05	4.38134E-06	7.76749E-09	2.85311E-13	0.010497445	2.82739E-10	0.000117239	0.027388358	1.00971E-10	5.17521E-11	0.00062	0.003782347	0.000250155	8.66553E-05	1.38296E-05	3.77092E-08
34.69631882	2.92448E-15	2.63841E-05	2.489157714	9.03105E-10	0.02636259	4.67586E-55	2088.218141	2.358260766	0.000107556	5.51271E-05	1.18142E-22	6.05527E-23	3.14009E-09	1.60939E-09	0.210639826	1.75742E-17	7.76202E-14	7.204E-11	6.23266E-05	4.1118E-06	7.91801E-09	2.18794E-13	0.010497445	2.82606E-10	0.000118182	0.0273849	1.00597E-10	5.15604E-11	0.00062	0.00378818	0.000251866	8.6653E-05	1.38884E-05	3.79053E-08
35.58324676	1.3877E-15	1.94787E-05	2.479504385	8.08514E-10	0.026504134	5.93683E-57	2157.277453	2.358260451	0.000107558	5.51281E-05	5.58637E-23	2.86325E-23	2.31822E-09	1.18816E-09	0.210639827	5.1781E-18	4.94905E-14	5.80068E-11	6.23082E-05	3.89288E-06	8.06085E-09	1.67695E-13	0.010497445	2.82488E-10	0.00011908	0.027381607	1.00246E-10	5.13803E-11	0.00062	0.003793736	0.000253499	8.66507E-05	1.39444E-05	3.80915E-08
36.4926274	6.45691E-16	1.42644E-05	2.469949522	7.24883E-10	0.026635052	7.15395E-59	2228.088196	2.358260234	0.00010756	5.5129E-05	2.59079E-23	1.32789E-23	1.69763E-09	8.70089E-10	0.210639827	1.49944E-18	3.12154E-14	4.66181E-11	6.22943E-05	3.7137E-06	8.1957E-09	1.28475E-13	0.010497445	2.82382E-10	0.000119931	0.027378486	9.99172E-11	5.12118E-11	0.00062	0.003799001	0.000255049	8.66486E-05	1.39974E-05	3.82674E-08
37.42502911	2.94509E-16	1.03607E-05	2.46049009	6.51141E-10	0.026756324	8.19807E-61	2300.694308	2.358260085	0.000107562	5.51299E-05	1.17808E-23	6.03813E-24	1.23303E-09	6.31965E-10	0.210639827	4.26665E-19	1.94716E-14	3.74021E-11	6.22839E-05	3.56589E-06	8.32226E-09	9.84023E-14	0.010497445	2.82287E-10	0.000120731	0.027375546	9.96112E-11	5.1055E-11	0.00062	0.003803961	0.000256511	8.66467E-05	1.40474E-05	3.84326E-08
38.38103468	1.31637E-16	7.46324E-06	2.451123193	5.86335E-10	0.026868893	8.95205E-63	2375.140877	2.358259985	0.000107563	5.51308E-05	5.25067E-24	2.69119E-24	8.88199E-10	4.55229E-10	0.210639827	1.19285E-19	1.2009E-14	2.99669E-11	6.22762E-05	3.44304E-06	8.44021E-09	7.53684E-14	0.010497445	2.82201E-10	0.00012148	0.027372796	9.93281E-11	5.09098E-11	0.00062	0.003808602	0.00025788	8.66448E-05	1.40942E-05	3.85867E-08
39.36124166	5.76395E-17	5.33143E-06	2.441846064	5.29621E-10	0.026973666	9.33356E-65	2451.474171	2.358259918	0.000107565	5.51318E-05	2.29308E-24	1.1753E-24	6.3449E-10	3.25195E-10	0.210639827	3.27616E-20	7.32084E-15	2.39886E-11	6.22705E-05	3.34029E-06	8.54923E-09	5.77509E-14	0.010497445	2.82125E-10	0.000122175	0.027370244	9.90681E-11	5.07765E-11	0.00062	0.003812909	0.000259152	8.66432E-05	1.41375E-05	3.87294E-08
40.36626268	2.47167E-17	3.77666E-06	2.43265606	4.80259E-10	0.027071521	9.31012E-67	2529.741662	2.358259874	0.000107568	5.51329E-05	9.80954E-25	5.0278E-25	4.49457E-10	2.30361E-10	0.210639827	8.83811E-21	4.41004E-15	1.92012E-11	6.22663E-05	3.25396E-06	8.64899E-09	4.43023E-14	0.010497445	2.82057E-10	0.000122813	0.027367899	9.88313E-11	5.06552E-11	0.00062	0.003816866	0.000260322	8.66417E-05	1.41774E-05	3.886E-08
41.39672594	1.03764E-17	2.65277E-06	2.423550654	4.37611E-10	0.027163318	8.90266E-69	2609.992058	2.358259845	0.00010757	5.51342E-05	4.1093E-25	2.10619E-25	3.15703E-10	1.61807E-10	0.210639827	2.34157E-21	2.62438E-15	1.53868E-11	6.22633E-05	3.18131E-06	8.73916E-09	3.40645E-14	0.010497445	2.81997E-10	0.000123392	0.027365772	9.86183E-11	5.0546E-11	0.00062	0.003820457	0.000261384	8.66403E-05	1.42135E-05	3.89784E-08
42.4532755	4.26336E-18	1.84757E-06	2.414527428	4.01137E-10	0.027249911	8.17751E-71	2692.275328	2.358259826	0.000107573	5.51357E-05	1.68515E-25	8.63712E-26	2.19875E-10	1.12693E-10	0.210639827	6.09177E-22	1.54235E-15	1.23687E-11	6.22612E-05	3.12032E-06	8.81938E-09	2.63039E-14	0.010497445	2.81944E-10	0.000123908	0.027363871	9.84294E-11	5.04492E-11	0.00062	0.003823665	0.000262334	8.66391E-05	1.42458E-05	3.90838E-08
43.53657174	1.71383E-18	1.27584E-06	2.405584071	3.70393E-10	0.027332152	7.23018E-73	2776.642733	2.358259814	0.000107576	5.51374E-05	6.76282E-26	3.46623E-26	1.51834E-10	7.78196E-11	0.210639828	1.55599E-22	8.94908E-16	1.00049E-11	6.22597E-05	3.06952E-06	8.8893E-09	2.04604E-14	0.010497445	2.81899E-10	0.000124361	0.027362208	9.82651E-11	5.0365E-11	0.00062	0.003826472	0.000263166	8.6638E-05	1.42741E-05	3.9176E-08
44.64729175	6.73832E-19	8.73526E-07	2.396718367	3.4503E-10	0.027410914	6.16607E-75	2863.14686	2.358259806	0.000107581	5.51396E-05	2.6552E-26	1.3609E-26	1.03956E-10	5.32806E-11	0.210639828	3.90152E-23	5.12482E-16	8.18284E-12	6.22586E-05	3.0279E-06	8.94855E-09	1.61084E-14	0.010497445	2.81861E-10	0.000124745	0.027360793	9.81261E-11	5.02938E-11	0.00062	0.003828861	0.000263873	8.66371E-05	1.42982E-05	3.92542E-08
45.78612977	2.59045E-19	5.9298E-07	2.387928198	3.24798E-10	0.027487103	5.08302E-77	2951.841646	2.358259801	0.000107586	5.51422E-05	1.01957E-26	5.22575E-27	7.05688E-11	3.61687E-11	0.210639828	9.60198E-24	2.8957E-16	6.81537E-12	6.22578E-05	2.99478E-06	8.99675E-09	1.29273E-14	0.010497445	2.81831E-10	0.00012506	0.027359638	9.80131E-11	5.02358E-11	0.00062	0.003830812	0.000264452	8.66364E-05	1.43178E-05	3.93181E-08
46.95379762	9.73644E-20	3.99108E-07	2.379211532	3.09547E-10	0.027561678	4.05913E-79	3042.782418	2.358259798	0.000107592	5.51454E-05	3.82879E-27	1.96242E-27	4.74966E-11	2.43434E-11	0.210639828	2.31912E-24	1.61423E-16	5.83767E-12	6.22573E-05	2.96976E-06	9.03352E-09	1.06794E-14	0.010497445	2.81808E-10	0.0001253	0.027358752	9.79268E-11	5.01916E-11	0.00062	0.003832307	0.000264895	8.66359E-05	1.43328E-05	3.93669E-08
48.15102512	3.58903E-20	2.6634E-07	2.370566424	2.99242E-10	0.027635681	3.14713E-81	3136.025919	2.358259796	0.0001076	5.51495E-05	1.41051E-27	7.22947E-28	3.16962E-11	1.62453E-11	0.210639828	5.49612E-25	8.90574E-17	5.20509E-12	6.2257E-05	2.95268E-06	9.05845E-09	9.19263E-15	0.010497445	2.81792E-10	0.000125464	0.02735815	9.78682E-11	5.01616E-11	0.00062	0.003833324	0.000265196	8.66355E-05	1.43431E-05	3.94002E-08
49.37856057	1.36288E-20	1.76235E-07	2.361991008	2.9397E-10	0.027710266	2.37451E-83	3231.630346	2.358259794	0.00010761	5.51545E-05	5.35457E-28	2.74444E-28	2.09731E-11	1.07493E-11	0.210639828	1.2779E-25	5.10922E-17	4.89209E-12	6.22567E-05	2.94363E-06	9.07113E-09	8.35593E-15	0.010497445	2.81784E-10	0.000125548	0.027357842	9.78383E-11	5.01462E-11	0.00062	0.003833844	0.00026535	8.66353E-05	1.43483E-05	3.94171E-08
